1,0.29833333333333334
2,0.2363333333333333
3,0.18099999999999997
4,0.18566666666666665
5,0.20099999999999998
6,0.19600000000000004
7,0.23366666666666666
8,0.24166666666666667
9,0.239
10,0.26466666666666666
11,0.2653333333333333
12,0.23666666666666666
13,0.2343333333333333
14,0.20166666666666666
15,0.16366666666666665
16,0.149
17,0.14200000000000002
18,0.131
19,0.12133333333333333
20,0.11866666666666666
21,0.10966666666666668
22,0.10533333333333333
23,0.107
24,0.09866666666666667
25,0.09433333333333334
26,0.09633333333333334
27,0.10633333333333334
28,0.09600000000000002
29,0.09133333333333334
30,0.09000000000000001
31,0.08566666666666667
32,0.08766666666666667
33,0.10133333333333334
34,0.11866666666666666
35,0.123
36,0.11766666666666666
37,0.11333333333333333
38,0.11633333333333333
39,0.12
40,0.11599999999999999
41,0.106
42,0.09833333333333334
43,0.09400000000000001
44,0.09866666666666668
45,0.10233333333333333
46,0.10433333333333333
47,0.11933333333333333
48,0.12433333333333334
49,0.129
50,0.12466666666666666
51,0.12933333333333333
52,0.132
53,0.13033333333333333
54,0.14533333333333334
55,0.15366666666666665
56,0.17766666666666667
57,0.20633333333333334
58,0.25666666666666665
59,0.3256666666666667
60,0.3786666666666667
61,0.412
62,0.379
63,0.3276666666666667
64,0.2743333333333333
65,0.219
66,0.18433333333333332
67,0.16366666666666665
68,0.148
69,0.13433333333333333
70,0.13566666666666669
71,0.12333333333333334
72,0.11866666666666666
73,0.11833333333333333
74,0.10433333333333335
75,0.11699999999999999
76,0.11666666666666665
77,0.09866666666666668
78,0.09766666666666668
79,0.09233333333333334
80,0.09666666666666668
81,0.107
82,0.11633333333333333
83,0.12866666666666668
84,0.13733333333333334
85,0.16033333333333333
86,0.17033333333333334
87,0.148
88,0.13633333333333333
89,0.12
90,0.11833333333333333
91,0.11166666666666668
92,0.105
93,0.10366666666666667
94,0.09966666666666668
95,0.11166666666666665
96,0.12866666666666668
97,0.14933333333333335
98,0.13466666666666668
99,0.149
100,0.16233333333333333
101,0.17300000000000001
102,0.152
103,0.13233333333333333
104,0.11099999999999999
105,0.10466666666666667
106,0.10733333333333334
107,0.106
108,0.11699999999999999
109,0.13166666666666668
110,0.15433333333333335
111,0.18633333333333335
112,0.19433333333333333
113,0.159
114,0.13566666666666669
115,0.12666666666666668
116,0.11666666666666665
117,0.127
118,0.119
119,0.12666666666666668
120,0.133
121,0.135
122,0.14533333333333334
123,0.139
124,0.14966666666666664
125,0.16233333333333333
126,0.151
127,0.138
128,0.1426666666666667
129,0.1436666666666667
130,0.16566666666666666
131,0.171
132,0.19533333333333336
133,0.22966666666666666
134,0.2733333333333333
135,0.35033333333333333
136,0.39633333333333337
137,0.3586666666666667
138,0.3283333333333333
139,0.2713333333333333
140,0.22666666666666666
141,0.20966666666666667
142,0.18566666666666665
143,0.19099999999999998
144,0.18499999999999997
145,0.15666666666666665
146,0.14966666666666664
147,0.13633333333333333
148,0.14
149,0.161
150,0.15966666666666665
151,0.14866666666666664
152,0.154
153,0.14966666666666667
154,0.13866666666666666
155,0.14033333333333334
156,0.13566666666666669
157,0.13699999999999998
158,0.13633333333333333
159,0.14633333333333332
160,0.16233333333333333
161,0.19166666666666665
162,0.20133333333333334
163,0.20666666666666667
164,0.2353333333333333
165,0.22366666666666668
166,0.24133333333333332
167,0.25333333333333335
168,0.27366666666666667
169,0.29533333333333334
170,0.2966666666666667
171,0.3036666666666667
172,0.25866666666666666
173,0.2006666666666667
174,0.16366666666666665
175,0.15933333333333333
176,0.1386666666666667
177,0.12366666666666666
178,0.11133333333333334
179,0.09766666666666668
180,0.09233333333333334
181,0.08800000000000001
182,0.09200000000000001
183,0.10833333333333334
184,0.12066666666666666
185,0.14266666666666666
186,0.16866666666666666
187,0.13466666666666668
188,0.11666666666666665
189,0.105
190,0.10100000000000002
191,0.09300000000000001
192,0.09066666666666667
193,0.09500000000000001
194,0.10233333333333333
195,0.118
196,0.13266666666666668
197,0.15066666666666664
198,0.159
199,0.19800000000000004
200,0.21
201,0.249
202,0.25266666666666665
203,0.223
204,0.19833333333333333
205,0.18566666666666665
206,0.20200000000000004
207,0.17066666666666666
208,0.14133333333333334
209,0.14033333333333334
210,0.11066666666666668
211,0.09333333333333334
212,0.09566666666666668
213,0.10100000000000002
214,0.11233333333333333
215,0.12866666666666668
216,0.12433333333333334
217,0.11566666666666665
218,0.12466666666666666
219,0.12133333333333333
220,0.12633333333333333
221,0.12366666666666666
222,0.12066666666666666
223,0.11
224,0.11666666666666665
225,0.11466666666666665
226,0.10966666666666668
227,0.11166666666666668
228,0.11133333333333334
229,0.11833333333333333
230,0.13066666666666668
231,0.1406666666666667
232,0.15433333333333332
233,0.17833333333333334
234,0.20466666666666666
235,0.259
236,0.324
237,0.414
238,0.4766666666666666
239,0.605
240,0.6543333333333333
241,0.5986666666666667
242,0.5163333333333333
243,0.43333333333333335
244,0.3406666666666667
245,0.24966666666666668
246,0.20433333333333334
247,0.19333333333333336
248,0.18200000000000002
249,0.17966666666666667
250,0.164
251,0.14233333333333334
252,0.133
253,0.11733333333333333
254,0.11466666666666665
255,0.10733333333333334
256,0.109
257,0.10433333333333333
258,0.09766666666666668
259,0.10833333333333334
260,0.10666666666666667
261,0.10100000000000002
262,0.10633333333333332
263,0.10066666666666667
264,0.09600000000000002
265,0.09700000000000002
266,0.10099999999999999
267,0.10133333333333333
268,0.11233333333333334
269,0.12733333333333333
270,0.12533333333333332
271,0.108
272,0.10666666666666667
273,0.09733333333333334
274,0.11166666666666668
275,0.10333333333333333
276,0.09600000000000002
277,0.09733333333333334
278,0.09566666666666668
279,0.09866666666666668
280,0.10966666666666668
281,0.112
282,0.11333333333333334
283,0.11033333333333334
284,0.10566666666666667
285,0.09833333333333333
286,0.10066666666666667
287,0.10233333333333333
288,0.09866666666666668
289,0.09933333333333334
290,0.11233333333333333
291,0.11499999999999999
292,0.12233333333333334
293,0.125
294,0.12066666666666666
295,0.14100000000000001
296,0.12366666666666666
297,0.12933333333333333
298,0.12166666666666666
299,0.11299999999999999
300,0.09766666666666667
301,0.09366666666666666
302,0.09466666666666666
303,0.09633333333333333
304,0.09266666666666667
305,0.08866666666666667
306,0.08966666666666667
307,0.10166666666666667
308,0.10966666666666668
309,0.11966666666666666
310,0.11099999999999999
311,0.13366666666666668
312,0.12566666666666668
313,0.12066666666666666
314,0.11466666666666665
315,0.105
316,0.09966666666666667
317,0.10033333333333333
318,0.10266666666666667
319,0.11433333333333334
320,0.11666666666666665
321,0.139
322,0.128
323,0.118
324,0.10633333333333334
325,0.11399999999999999
326,0.11399999999999999
327,0.12833333333333333
328,0.12633333333333333
329,0.11599999999999999
330,0.10866666666666665
331,0.11933333333333333
332,0.12233333333333334
333,0.14833333333333334
334,0.129
335,0.09666666666666668
336,0.09133333333333334
337,0.09633333333333333
338,0.09233333333333334
339,0.10366666666666667
340,0.09799999999999999
341,0.09100000000000001
342,0.09633333333333334
343,0.09900000000000002
344,0.10666666666666667
345,0.103
346,0.09800000000000002
347,0.12166666666666666
348,0.103
349,0.09766666666666668
350,0.09933333333333334
351,0.107
352,0.11966666666666666
353,0.11666666666666665
354,0.13133333333333333
355,0.13366666666666668
356,0.12766666666666668
357,0.13699999999999998
358,0.14366666666666666
359,0.151
360,0.17300000000000001
361,0.13
362,0.09966666666666667
363,0.09600000000000002
364,0.10233333333333335
365,0.09633333333333334
366,0.10000000000000002
367,0.09533333333333334
368,0.10166666666666668
369,0.119
370,0.11233333333333334
371,0.12066666666666666
372,0.12033333333333333
373,0.12266666666666666
374,0.11866666666666666
375,0.11933333333333333
376,0.12566666666666668
377,0.12
378,0.09500000000000001
379,0.08566666666666667
380,0.084
381,0.08666666666666667
382,0.10366666666666668
383,0.08633333333333333
384,0.085
385,0.08566666666666667
386,0.08166666666666667
387,0.084
388,0.079
389,0.08133333333333333
390,0.08533333333333333
391,0.08866666666666667
392,0.09233333333333334
393,0.09333333333333334
394,0.08900000000000001
395,0.08700000000000001
396,0.09000000000000001
397,0.09000000000000001
398,0.08733333333333333
399,0.09766666666666668
400,0.10966666666666668
401,0.12366666666666666
402,0.11
403,0.11166666666666668
404,0.10666666666666667
405,0.10466666666666667
406,0.09366666666666668
407,0.10000000000000002
408,0.105
409,0.09666666666666668
410,0.08866666666666667
411,0.08566666666666667
412,0.09766666666666667
413,0.10166666666666667
414,0.11166666666666665
415,0.12733333333333333
416,0.12833333333333333
417,0.10366666666666667
418,0.09566666666666668
419,0.08966666666666667
420,0.08733333333333333
421,0.084
422,0.08333333333333333
423,0.08466666666666667
424,0.09000000000000001
425,0.09400000000000001
426,0.10433333333333333
427,0.151
428,0.16766666666666666
429,0.16733333333333333
430,0.15833333333333333
431,0.18066666666666667
432,0.22666666666666666
433,0.24533333333333332
434,0.27399999999999997
435,0.2793333333333333
436,0.24066666666666667
437,0.20299999999999999
438,0.16666666666666666
439,0.11666666666666665
440,0.11366666666666665
441,0.10166666666666667
442,0.104
443,0.11833333333333333
444,0.12533333333333332
445,0.12833333333333333
446,0.155
447,0.15366666666666665
448,0.13833333333333334
449,0.11599999999999999
450,0.11633333333333333
451,0.10999999999999999
452,0.10999999999999999
453,0.11033333333333332
454,0.11566666666666665
455,0.123
456,0.137
457,0.15266666666666667
458,0.17966666666666664
459,0.19766666666666666
460,0.19799999999999998
461,0.21733333333333335
462,0.28600000000000003
463,0.363
464,0.4566666666666667
465,0.5206666666666667
466,0.49766666666666665
467,0.4506666666666666
468,0.3793333333333333
469,0.48900000000000005
470,0.5376666666666666
471,0.5386666666666667
472,0.5076666666666666
473,0.4466666666666667
474,0.3973333333333333
475,0.33266666666666667
476,0.25899999999999995
477,0.20966666666666667
478,0.17499999999999996
479,0.14633333333333334
480,0.13133333333333333
481,0.12833333333333333
482,0.126
483,0.11599999999999999
484,0.134
485,0.12266666666666666
486,0.15233333333333335
487,0.17766666666666664
488,0.18666666666666665
489,0.17999999999999997
490,0.16433333333333336
491,0.14333333333333334
492,0.11733333333333333
493,0.10766666666666667
494,0.10166666666666667
495,0.09233333333333334
496,0.08466666666666667
497,0.08033333333333333
498,0.08033333333333333
499,0.08066666666666666
500,0.07866666666666666
501,0.084
502,0.08900000000000001
503,0.08800000000000001
504,0.09400000000000001
505,0.09733333333333334
506,0.09466666666666668
507,0.09700000000000002
508,0.09333333333333334
509,0.09200000000000001
510,0.09100000000000001
511,0.09733333333333333
512,0.08833333333333333
513,0.09400000000000001
514,0.11433333333333334
515,0.12533333333333332
516,0.13633333333333333
517,0.1436666666666667
518,0.12033333333333333
519,0.12133333333333333
520,0.13366666666666668
521,0.127
522,0.12566666666666668
523,0.11599999999999999
524,0.11266666666666665
525,0.11166666666666665
526,0.10033333333333333
527,0.09966666666666667
528,0.09899999999999999
529,0.09633333333333334
530,0.09166666666666667
531,0.08900000000000001
532,0.09200000000000001
533,0.10033333333333333
534,0.09599999999999999
535,0.10266666666666667
536,0.09866666666666667
537,0.09533333333333334
538,0.09300000000000001
539,0.09433333333333334
540,0.09333333333333334
541,0.09866666666666668
542,0.108
543,0.104
544,0.118
545,0.106
546,0.12033333333333333
547,0.10466666666666667
548,0.11399999999999999
549,0.12366666666666666
550,0.10866666666666668
551,0.09200000000000001
552,0.08700000000000001
553,0.085
554,0.08666666666666667
555,0.09366666666666668
556,0.106
557,0.13966666666666666
558,0.13799999999999998
559,0.12266666666666666
560,0.11433333333333333
561,0.09699999999999999
562,0.09166666666666667
563,0.08600000000000001
564,0.08566666666666667
565,0.09200000000000001
566,0.09733333333333334
567,0.10766666666666667
568,0.13133333333333333
569,0.12733333333333333
570,0.11266666666666668
571,0.11266666666666668
572,0.09566666666666668
573,0.09300000000000001
574,0.09033333333333333
575,0.08733333333333333
576,0.09166666666666667
577,0.09133333333333334
578,0.09400000000000001
579,0.10099999999999999
580,0.09899999999999999
581,0.105
582,0.09466666666666668
583,0.09233333333333334
584,0.09000000000000001
585,0.09399999999999999
586,0.10033333333333333
587,0.11466666666666665
588,0.12766666666666668
589,0.1466666666666667
590,0.16066666666666668
591,0.18633333333333332
592,0.19566666666666666
593,0.16566666666666666
594,0.16366666666666668
595,0.1386666666666667
596,0.11533333333333333
597,0.105
598,0.09499999999999999
599,0.09000000000000001
600,0.09333333333333332
601,0.09633333333333333
602,0.10333333333333333
603,0.104
604,0.11633333333333334
605,0.126
606,0.16933333333333334
607,0.21566666666666667
608,0.259
609,0.33699999999999997
610,0.41700000000000004
611,0.4696666666666666
612,0.5403333333333333
613,0.5703333333333332
614,0.52
615,0.4956666666666667
616,0.42733333333333334
617,0.35833333333333334
618,0.30633333333333335
619,0.236
620,0.18333333333333332
621,0.13933333333333334
622,0.12333333333333334
623,0.11233333333333333
624,0.123
625,0.13633333333333333
626,0.1456666666666667
627,0.1566666666666667
628,0.17666666666666667
629,0.15366666666666665
630,0.12866666666666668
631,0.12133333333333333
632,0.11966666666666666
633,0.11933333333333333
634,0.12066666666666666
635,0.108
636,0.10366666666666667
637,0.09999999999999999
638,0.10066666666666667
639,0.107
640,0.12066666666666666
641,0.12466666666666666
642,0.132
643,0.1396666666666667
644,0.14733333333333334
645,0.16333333333333333
646,0.16466666666666666
647,0.148
648,0.14
649,0.13466666666666668
650,0.118
651,0.122
652,0.11033333333333334
653,0.107
654,0.10466666666666667
655,0.09933333333333333
656,0.09566666666666668
657,0.09933333333333333
658,0.09699999999999999
659,0.10166666666666667
660,0.11133333333333334
661,0.124
662,0.13166666666666668
663,0.15633333333333332
664,0.20766666666666667
665,0.26666666666666666
666,0.3703333333333334
667,0.48933333333333334
668,0.5826666666666667
669,0.7000000000000001
670,0.7803333333333334
671,0.891
672,1.0466666666666666
673,1.183
674,0.805
675,0.5933333333333334
676,0.40700000000000003
677,0.248
678,0.18933333333333333
679,0.14800000000000002
680,0.12666666666666668
681,0.12533333333333332
682,0.11199999999999999
683,0.11466666666666665
684,0.11499999999999999
685,0.11433333333333333
686,0.12233333333333334
687,0.124
688,0.1476666666666667
689,0.15933333333333333
690,0.1506666666666667
691,0.14433333333333334
692,0.16866666666666666
693,0.155
694,0.16266666666666665
695,0.1376666666666667
696,0.13166666666666668
697,0.13166666666666668
698,0.135
699,0.12666666666666668
700,0.11633333333333333
701,0.11866666666666666
702,0.11233333333333333
703,0.113
704,0.12133333333333333
705,0.12233333333333334
706,0.119
707,0.12633333333333333
708,0.11166666666666668
709,0.112
710,0.10266666666666667
711,0.10733333333333334
712,0.09933333333333333
713,0.09266666666666667
714,0.09166666666666667
715,0.08966666666666667
716,0.09100000000000001
717,0.08666666666666667
718,0.08433333333333333
719,0.08633333333333333
720,0.09100000000000001
721,0.09900000000000002
722,0.09833333333333334
723,0.09533333333333334
724,0.08800000000000001
725,0.08433333333333333
726,0.08266666666666667
727,0.09000000000000001
728,0.08533333333333333
729,0.08266666666666667
730,0.08366666666666667
731,0.09066666666666667
732,0.11333333333333333
733,0.13133333333333333
734,0.12166666666666666
735,0.132
736,0.123
737,0.09800000000000002
738,0.103
739,0.11199999999999999
740,0.10666666666666667
741,0.09733333333333334
742,0.106
743,0.11566666666666665
744,0.10733333333333334
745,0.11233333333333333
746,0.10733333333333334
747,0.09366666666666668
748,0.08766666666666667
749,0.09400000000000001
750,0.09133333333333334
751,0.08433333333333333
752,0.09000000000000001
753,0.09233333333333334
754,0.08733333333333333
755,0.08333333333333333
756,0.09166666666666667
757,0.09133333333333334
758,0.083
759,0.09100000000000001
760,0.10166666666666668
761,0.09066666666666667
762,0.08766666666666667
763,0.10200000000000002
764,0.10133333333333333
765,0.08866666666666667
766,0.09400000000000001
767,0.10733333333333334
768,0.104
769,0.09133333333333334
770,0.09966666666666668
771,0.125
772,0.15000000000000002
773,0.12733333333333333
774,0.14733333333333334
775,0.1366666666666667
776,0.12133333333333333
777,0.11599999999999999
778,0.132
779,0.14533333333333334
780,0.15266666666666664
781,0.17866666666666667
782,0.168
783,0.17133333333333334
784,0.154
785,0.14300000000000002
786,0.17333333333333334
787,0.1703333333333333
788,0.13833333333333334
789,0.14400000000000002
790,0.13033333333333333
791,0.15166666666666664
792,0.15033333333333332
793,0.1386666666666667
794,0.14633333333333332
795,0.17833333333333332
796,0.24566666666666667
797,0.3076666666666667
798,0.35133333333333333
799,0.30433333333333334
800,0.3006666666666667
801,0.25166666666666665
802,0.21333333333333335
803,0.16233333333333333
804,0.13566666666666669
805,0.13466666666666668
806,0.121
807,0.11433333333333333
808,0.127
809,0.13166666666666668
810,0.123
811,0.12666666666666668
812,0.14833333333333332
813,0.15066666666666664
814,0.15366666666666665
815,0.19000000000000003
816,0.23399999999999999
817,0.28633333333333333
818,0.2953333333333333
819,0.3053333333333333
820,0.2896666666666667
821,0.21866666666666665
822,0.165
823,0.145
824,0.13599999999999998
825,0.11466666666666665
826,0.12533333333333332
827,0.131
828,0.109
829,0.11599999999999999
830,0.13333333333333333
831,0.134
832,0.157
833,0.15766666666666668
834,0.15500000000000003
835,0.158
836,0.14300000000000002
837,0.13566666666666669
838,0.12733333333333333
839,0.10433333333333333
840,0.10533333333333333
841,0.09966666666666668
842,0.09200000000000001
843,0.09333333333333334
844,0.09833333333333334
845,0.09533333333333334
846,0.08900000000000001
847,0.10133333333333333
848,0.09700000000000002
849,0.09733333333333334
850,0.104
851,0.09833333333333333
852,0.09533333333333334
853,0.09133333333333334
854,0.10066666666666668
855,0.10733333333333334
856,0.106
857,0.09566666666666668
858,0.09500000000000001
859,0.10566666666666667
860,0.103
861,0.09600000000000002
862,0.09800000000000002
863,0.10266666666666667
864,0.09900000000000002
865,0.09400000000000001
866,0.09600000000000002
867,0.10033333333333333
868,0.09700000000000002
869,0.09433333333333334
870,0.09833333333333334
871,0.09966666666666668
872,0.10033333333333333
873,0.107
874,0.10266666666666667
875,0.11133333333333334
876,0.11866666666666666
877,0.148
878,0.16133333333333333
879,0.17400000000000002
880,0.16066666666666665
881,0.139
882,0.11566666666666665
883,0.109
884,0.106
885,0.10766666666666667
886,0.10533333333333333
887,0.114
888,0.10733333333333334
889,0.09900000000000002
890,0.10066666666666668
891,0.10466666666666667
892,0.10066666666666668
893,0.09633333333333334
894,0.09933333333333334
895,0.106
896,0.112
897,0.11433333333333333
898,0.12066666666666666
899,0.11633333333333333
900,0.124
901,0.13066666666666668
902,0.1386666666666667
903,0.138
904,0.12933333333333333
905,0.137
906,0.14533333333333334
907,0.1416666666666667
908,0.14533333333333334
909,0.157
910,0.14533333333333331
911,0.12666666666666668
912,0.13733333333333334
913,0.14433333333333334
914,0.13033333333333333
915,0.12633333333333333
916,0.1386666666666667
917,0.1396666666666667
918,0.13133333333333333
919,0.134
920,0.15033333333333332
921,0.14833333333333332
922,0.138
923,0.14866666666666664
924,0.16966666666666666
925,0.16833333333333333
926,0.16366666666666665
927,0.19133333333333336
928,0.20866666666666667
929,0.21066666666666667
930,0.22899999999999998
931,0.22066666666666665
932,0.19400000000000003
933,0.14600000000000002
934,0.16366666666666665
935,0.13466666666666668
936,0.11533333333333333
937,0.11733333333333333
938,0.118
939,0.11166666666666665
940,0.11566666666666665
941,0.12
942,0.11699999999999999
943,0.11399999999999999
944,0.11199999999999999
945,0.11266666666666665
946,0.10533333333333333
947,0.10000000000000002
948,0.10633333333333334
949,0.10266666666666667
950,0.09200000000000001
951,0.09766666666666668
952,0.10266666666666667
953,0.09766666666666668
954,0.09800000000000002
955,0.10666666666666665
956,0.102
957,0.10833333333333334
958,0.10966666666666665
959,0.13033333333333333
960,0.13
961,0.14233333333333334
962,0.12433333333333334
963,0.11566666666666665
964,0.11533333333333333
965,0.11266666666666665
966,0.128
967,0.12033333333333333
968,0.11199999999999999
969,0.11933333333333333
970,0.131
971,0.135
972,0.13266666666666668
973,0.1486666666666667
974,0.14933333333333335
975,0.15633333333333332
976,0.13966666666666666
977,0.11399999999999999
978,0.11233333333333333
979,0.11166666666666665
980,0.10300000000000002
981,0.09366666666666668
982,0.09466666666666668
983,0.09833333333333334
984,0.09200000000000001
985,0.08766666666666667
986,0.09233333333333334
987,0.08966666666666667
988,0.08233333333333333
989,0.08133333333333333
990,0.085
991,0.08233333333333333
992,0.07766666666666666
993,0.07866666666666666
994,0.08433333333333333
995,0.08
996,0.07733333333333332
997,0.08133333333333333
998,0.08233333333333333
999,0.07833333333333332
1000,0.07933333333333333
1001,0.08566666666666667
1002,0.08600000000000001
1003,0.08233333333333333
1004,0.08666666666666667
1005,0.08933333333333333
1006,0.08266666666666667
1007,0.08433333333333333
1008,0.09100000000000001
1009,0.08533333333333333
1010,0.083
1011,0.08933333333333333
1012,0.08733333333333333
1013,0.08233333333333333
1014,0.08433333333333333
1015,0.08866666666666667
1016,0.08733333333333333
1017,0.08733333333333333
1018,0.09100000000000001
1019,0.08933333333333333
1020,0.08233333333333333
1021,0.08633333333333333
1022,0.09600000000000002
1023,0.10733333333333334
1024,0.10099999999999999
1025,0.11133333333333333
1026,0.123
1027,0.11333333333333333
1028,0.11166666666666665
1029,0.10666666666666667
1030,0.09200000000000001
1031,0.08600000000000001
1032,0.107
1033,0.11066666666666665
1034,0.11133333333333334
1035,0.09466666666666666
1036,0.08833333333333333
1037,0.08900000000000001
1038,0.09133333333333334
1039,0.085
1040,0.08900000000000001
1041,0.09033333333333333
1042,0.09200000000000001
1043,0.09366666666666668
1044,0.09966666666666668
1045,0.10433333333333333
1046,0.09933333333333334
1047,0.09366666666666668
1048,0.08666666666666667
1049,0.08666666666666667
1050,0.08366666666666667
1051,0.08833333333333333
1052,0.08566666666666667
1053,0.08933333333333333
1054,0.09366666666666668
1055,0.09833333333333334
1056,0.11066666666666668
1057,0.11599999999999999
1058,0.12466666666666666
1059,0.12933333333333333
1060,0.127
1061,0.132
1062,0.131
1063,0.12866666666666668
1064,0.13133333333333333
1065,0.123
1066,0.13333333333333333
1067,0.134
1068,0.1396666666666667
1069,0.15200000000000002
1070,0.168
1071,0.19066666666666668
1072,0.22233333333333336
1073,0.21
1074,0.18466666666666667
1075,0.15966666666666665
1076,0.15233333333333332
1077,0.13933333333333334
1078,0.1396666666666667
1079,0.14766666666666664
1080,0.147
1081,0.12733333333333333
1082,0.11833333333333333
1083,0.125
1084,0.12766666666666668
1085,0.14
1086,0.17933333333333334
1087,0.21166666666666667
1088,0.224
1089,0.17899999999999996
1090,0.14833333333333334
1091,0.1386666666666667
1092,0.13033333333333333
1093,0.126
1094,0.12333333333333334
1095,0.124
1096,0.123
1097,0.12233333333333334
1098,0.123
1099,0.14133333333333334
1100,0.147
1101,0.15466666666666665
1102,0.162
1103,0.15966666666666665
1104,0.18133333333333335
1105,0.19499999999999998
1106,0.2026666666666667
1107,0.17899999999999996
1108,0.159
1109,0.165
1110,0.166
1111,0.167
1112,0.18733333333333335
1113,0.18899999999999997
1114,0.17266666666666666
1115,0.18433333333333332
1116,0.18466666666666667
1117,0.16333333333333333
1118,0.18166666666666664
1119,0.18033333333333332
1120,0.156
1121,0.164
1122,0.18299999999999997
1123,0.2026666666666667
1124,0.222
1125,0.23299999999999998
1126,0.28900000000000003
1127,0.369
1128,0.486
