1,0.22399999999999998
2,0.18433333333333332
3,0.1466666666666667
4,0.15266666666666664
5,0.16066666666666665
6,0.16
7,0.18600000000000003
8,0.19266666666666668
9,0.18000000000000002
10,0.20033333333333334
11,0.211
12,0.19499999999999998
13,0.19866666666666669
14,0.17733333333333334
15,0.1406666666666667
16,0.12866666666666668
17,0.11833333333333333
18,0.10966666666666668
19,0.10233333333333333
20,0.10333333333333333
21,0.09533333333333334
22,0.09200000000000001
23,0.09100000000000001
24,0.08600000000000001
25,0.085
26,0.08600000000000001
27,0.09766666666666668
28,0.08600000000000001
29,0.08600000000000001
30,0.08366666666666667
31,0.079
32,0.083
33,0.09200000000000001
34,0.10466666666666669
35,0.10633333333333334
36,0.10166666666666667
37,0.09866666666666668
38,0.09666666666666668
39,0.10266666666666667
40,0.09800000000000002
41,0.09366666666666668
42,0.085
43,0.07966666666666666
44,0.08266666666666667
45,0.08433333333333333
46,0.09066666666666667
47,0.10266666666666667
48,0.10766666666666667
49,0.11066666666666668
50,0.10633333333333334
51,0.10833333333333334
52,0.11166666666666665
53,0.10866666666666668
54,0.12366666666666666
55,0.13033333333333333
56,0.1516666666666667
57,0.16666666666666666
58,0.19800000000000004
59,0.25666666666666665
60,0.304
61,0.3333333333333333
62,0.3036666666666667
63,0.25966666666666666
64,0.22066666666666668
65,0.17966666666666664
66,0.155
67,0.13466666666666668
68,0.12433333333333334
69,0.11433333333333333
70,0.11366666666666668
71,0.10233333333333333
72,0.10166666666666667
73,0.09833333333333333
74,0.08766666666666667
75,0.09700000000000002
76,0.09766666666666668
77,0.08633333333333333
78,0.08166666666666667
79,0.08033333333333333
80,0.082
81,0.08766666666666667
82,0.09566666666666666
83,0.10733333333333334
84,0.11466666666666665
85,0.13033333333333333
86,0.14100000000000001
87,0.12566666666666668
88,0.11599999999999999
89,0.10366666666666667
90,0.10233333333333333
91,0.10166666666666667
92,0.09066666666666667
93,0.09000000000000001
94,0.08666666666666667
95,0.09566666666666668
96,0.10433333333333335
97,0.12166666666666666
98,0.11266666666666665
99,0.12333333333333334
100,0.12833333333333333
101,0.13266666666666668
102,0.111
103,0.09733333333333334
104,0.08966666666666667
105,0.08666666666666667
106,0.09100000000000001
107,0.09100000000000001
108,0.10066666666666667
109,0.11166666666666668
110,0.129
111,0.158
112,0.15733333333333333
113,0.132
114,0.114
115,0.10533333333333333
116,0.09533333333333334
117,0.10066666666666668
118,0.09066666666666667
119,0.10000000000000002
120,0.10666666666666667
121,0.11066666666666665
122,0.11933333333333333
123,0.11566666666666665
124,0.124
125,0.13466666666666668
126,0.12733333333333333
127,0.119
128,0.12433333333333334
129,0.12666666666666668
130,0.1426666666666667
131,0.1456666666666667
132,0.16666666666666666
133,0.18966666666666665
134,0.2213333333333333
135,0.271
136,0.302
137,0.279
138,0.25666666666666665
139,0.21766666666666667
140,0.18133333333333335
141,0.17266666666666666
142,0.15433333333333332
143,0.16533333333333333
144,0.15566666666666665
145,0.13466666666666668
146,0.129
147,0.11766666666666666
148,0.11833333333333333
149,0.131
150,0.13566666666666669
151,0.127
152,0.12333333333333334
153,0.11933333333333333
154,0.11166666666666665
155,0.10966666666666668
156,0.10566666666666667
157,0.11499999999999999
158,0.11233333333333333
159,0.12
160,0.13566666666666669
161,0.15733333333333335
162,0.158
163,0.15733333333333335
164,0.18299999999999997
165,0.169
166,0.17500000000000002
167,0.18466666666666667
168,0.19833333333333333
169,0.211
170,0.211
171,0.2243333333333333
172,0.19966666666666666
173,0.16066666666666665
174,0.13266666666666668
175,0.134
176,0.11766666666666666
177,0.10333333333333333
178,0.09300000000000001
179,0.08566666666666667
180,0.082
181,0.07733333333333332
182,0.08066666666666666
183,0.09266666666666667
184,0.10333333333333335
185,0.11599999999999999
186,0.13466666666666668
187,0.10633333333333334
188,0.09466666666666668
189,0.08633333333333333
190,0.08133333333333333
191,0.08
192,0.08066666666666666
193,0.084
194,0.09033333333333333
195,0.10333333333333333
196,0.11433333333333333
197,0.13033333333333333
198,0.134
199,0.16633333333333333
200,0.17
201,0.19400000000000003
202,0.19633333333333333
203,0.17933333333333334
204,0.16133333333333333
205,0.15266666666666664
206,0.162
207,0.1456666666666667
208,0.118
209,0.11133333333333333
210,0.09500000000000001
211,0.08166666666666667
212,0.08533333333333333
213,0.09000000000000001
214,0.09566666666666668
215,0.10333333333333333
216,0.09933333333333334
217,0.09433333333333334
218,0.09566666666666668
219,0.09333333333333334
220,0.09733333333333334
221,0.09700000000000002
222,0.09733333333333334
223,0.09266666666666667
224,0.09833333333333334
225,0.09700000000000002
226,0.09066666666666667
227,0.09433333333333334
228,0.09633333333333334
229,0.10099999999999999
230,0.11166666666666668
231,0.11933333333333333
232,0.132
233,0.14833333333333334
234,0.17166666666666663
235,0.20233333333333334
236,0.24433333333333332
237,0.294
238,0.3323333333333333
239,0.4040000000000001
240,0.4246666666666667
241,0.39466666666666667
242,0.35766666666666663
243,0.303
244,0.25766666666666665
245,0.20566666666666666
246,0.17
247,0.16033333333333333
248,0.154
249,0.15400000000000003
250,0.13933333333333334
251,0.12333333333333334
252,0.11499999999999999
253,0.09999999999999999
254,0.09733333333333333
255,0.09033333333333333
256,0.09266666666666667
257,0.08733333333333333
258,0.08433333333333333
259,0.08866666666666667
260,0.09166666666666667
261,0.08666666666666667
262,0.09100000000000001
263,0.08966666666666667
264,0.08566666666666667
265,0.084
266,0.08900000000000001
267,0.08900000000000001
268,0.09900000000000002
269,0.10966666666666665
270,0.10966666666666668
271,0.10000000000000002
272,0.09733333333333334
273,0.08833333333333333
274,0.09966666666666668
275,0.09400000000000001
276,0.08700000000000001
277,0.08833333333333333
278,0.08466666666666667
279,0.08800000000000001
280,0.09700000000000002
281,0.09866666666666667
282,0.09799999999999999
283,0.09466666666666666
284,0.08966666666666667
285,0.08466666666666667
286,0.08700000000000001
287,0.09133333333333334
288,0.09000000000000001
289,0.09033333333333333
290,0.10100000000000002
291,0.10466666666666669
292,0.11599999999999999
293,0.11933333333333333
294,0.11733333333333333
295,0.12933333333333333
296,0.11266666666666668
297,0.113
298,0.103
299,0.09733333333333334
300,0.08266666666666667
301,0.08266666666666667
302,0.08266666666666667
303,0.08033333333333333
304,0.07700000000000001
305,0.07166666666666667
306,0.07333333333333335
307,0.08433333333333333
308,0.09233333333333334
309,0.10033333333333333
310,0.09166666666666666
311,0.10333333333333333
312,0.09933333333333333
313,0.09866666666666667
314,0.09099999999999998
315,0.085
316,0.08133333333333333
317,0.08533333333333333
318,0.08800000000000001
319,0.09566666666666668
320,0.09799999999999999
321,0.11533333333333333
322,0.11333333333333333
323,0.10266666666666667
324,0.08800000000000001
325,0.09766666666666667
326,0.09133333333333334
327,0.10833333333333334
328,0.11099999999999999
329,0.10099999999999999
330,0.09000000000000001
331,0.09900000000000002
332,0.10233333333333333
333,0.119
334,0.09999999999999999
335,0.08066666666666666
336,0.07966666666666666
337,0.07933333333333333
338,0.07866666666666666
339,0.08633333333333333
340,0.084
341,0.08033333333333333
342,0.07833333333333332
343,0.08166666666666667
344,0.08766666666666667
345,0.08966666666666667
346,0.08666666666666667
347,0.10266666666666667
348,0.08900000000000001
349,0.08366666666666667
350,0.08666666666666667
351,0.09000000000000001
352,0.09799999999999999
353,0.09233333333333334
354,0.10333333333333333
355,0.104
356,0.09766666666666668
357,0.10766666666666667
358,0.11499999999999999
359,0.11533333333333333
360,0.125
361,0.10233333333333333
362,0.081
363,0.07733333333333332
364,0.082
365,0.07866666666666666
366,0.08366666666666667
367,0.08166666666666667
368,0.09000000000000001
369,0.10233333333333333
370,0.09399999999999999
371,0.10266666666666667
372,0.10533333333333333
373,0.10433333333333333
374,0.09799999999999999
375,0.09799999999999999
376,0.10533333333333333
377,0.10233333333333333
378,0.08033333333333333
379,0.07366666666666667
380,0.07266666666666666
381,0.076
382,0.08933333333333333
383,0.07566666666666666
384,0.07533333333333335
385,0.07266666666666667
386,0.06833333333333334
387,0.07200000000000001
388,0.06633333333333334
389,0.068
390,0.07166666666666666
391,0.07366666666666666
392,0.08033333333333333
393,0.08
394,0.07733333333333332
395,0.076
396,0.07866666666666666
397,0.07666666666666666
398,0.07466666666666666
399,0.08266666666666667
400,0.09566666666666666
401,0.11566666666666665
402,0.09800000000000002
403,0.09566666666666668
404,0.08966666666666667
405,0.08666666666666667
406,0.077
407,0.08566666666666667
408,0.09200000000000001
409,0.08333333333333333
410,0.07666666666666666
411,0.07566666666666666
412,0.07933333333333333
413,0.08733333333333333
414,0.10033333333333333
415,0.11699999999999999
416,0.11733333333333333
417,0.09433333333333334
418,0.085
419,0.079
420,0.07666666666666666
421,0.073
422,0.07433333333333332
423,0.075
424,0.075
425,0.07833333333333332
426,0.08600000000000001
427,0.11466666666666665
428,0.126
429,0.12133333333333333
430,0.11333333333333334
431,0.12633333333333333
432,0.154
433,0.17366666666666666
434,0.20266666666666666
435,0.19299999999999998
436,0.16533333333333333
437,0.14433333333333334
438,0.13033333333333333
439,0.09500000000000001
440,0.09233333333333334
441,0.08333333333333333
442,0.08600000000000001
443,0.09733333333333334
444,0.105
445,0.107
446,0.12766666666666668
447,0.12
448,0.10733333333333334
449,0.09400000000000001
450,0.09466666666666668
451,0.09099999999999998
452,0.08933333333333333
453,0.09000000000000001
454,0.09133333333333332
455,0.09633333333333333
456,0.106
457,0.12066666666666666
458,0.13833333333333334
459,0.14933333333333335
460,0.15166666666666667
461,0.16433333333333333
462,0.21266666666666667
463,0.25833333333333336
464,0.32633333333333336
465,0.377
466,0.355
467,0.3156666666666667
468,0.2703333333333333
469,0.35533333333333333
470,0.37833333333333335
471,0.37666666666666665
472,0.35766666666666663
473,0.3136666666666667
474,0.2916666666666667
475,0.24833333333333332
476,0.19499999999999998
477,0.158
478,0.13566666666666669
479,0.11566666666666665
480,0.104
481,0.10099999999999999
482,0.10333333333333333
483,0.09433333333333334
484,0.10666666666666667
485,0.10133333333333333
486,0.12533333333333332
487,0.14533333333333334
488,0.158
489,0.14766666666666667
490,0.13566666666666669
491,0.12233333333333334
492,0.10366666666666667
493,0.09200000000000001
494,0.08466666666666667
495,0.07933333333333333
496,0.06933333333333334
497,0.066
498,0.069
499,0.06866666666666667
500,0.06666666666666667
501,0.07266666666666666
502,0.07633333333333332
503,0.07933333333333333
504,0.07866666666666666
505,0.08133333333333333
506,0.07933333333333333
507,0.08666666666666667
508,0.08533333333333333
509,0.08233333333333333
510,0.08133333333333333
511,0.08566666666666667
512,0.07466666666666667
513,0.079
514,0.09399999999999999
515,0.10533333333333333
516,0.11233333333333333
517,0.11866666666666666
518,0.09633333333333333
519,0.09699999999999999
520,0.10733333333333334
521,0.10633333333333334
522,0.10433333333333333
523,0.09799999999999999
524,0.09599999999999999
525,0.09366666666666666
526,0.08
527,0.08
528,0.07966666666666666
529,0.08066666666666666
530,0.079
531,0.078
532,0.08033333333333333
533,0.08766666666666667
534,0.083
535,0.08866666666666667
536,0.09333333333333334
537,0.084
538,0.07833333333333332
539,0.077
540,0.07666666666666666
541,0.08366666666666667
542,0.09133333333333334
543,0.08700000000000001
544,0.09799999999999999
545,0.09133333333333334
546,0.107
547,0.09699999999999999
548,0.10633333333333334
549,0.118
550,0.10233333333333333
551,0.08533333333333333
552,0.07766666666666666
553,0.07466666666666667
554,0.07766666666666666
555,0.08166666666666668
556,0.09333333333333332
557,0.12233333333333334
558,0.11733333333333333
559,0.104
560,0.09433333333333332
561,0.08466666666666667
562,0.07933333333333334
563,0.07500000000000001
564,0.075
565,0.081
566,0.08266666666666667
567,0.09500000000000001
568,0.11533333333333333
569,0.109
570,0.09866666666666667
571,0.09833333333333333
572,0.08466666666666667
573,0.08
574,0.075
575,0.07433333333333335
576,0.07533333333333335
577,0.07466666666666666
578,0.07533333333333335
579,0.07733333333333332
580,0.08066666666666666
581,0.08800000000000001
582,0.08033333333333333
583,0.076
584,0.07666666666666666
585,0.079
586,0.082
587,0.09100000000000001
588,0.10766666666666667
589,0.123
590,0.12733333333333333
591,0.151
592,0.15933333333333333
593,0.137
594,0.139
595,0.116
596,0.09699999999999999
597,0.09000000000000001
598,0.08133333333333333
599,0.076
600,0.076
601,0.079
602,0.083
603,0.08466666666666667
604,0.09833333333333333
605,0.10566666666666667
606,0.13633333333333333
607,0.17133333333333334
608,0.20199999999999999
609,0.254
610,0.292
611,0.3403333333333333
612,0.38499999999999995
613,0.3996666666666666
614,0.36166666666666664
615,0.3323333333333333
616,0.2816666666666667
617,0.23466666666666666
618,0.20466666666666666
619,0.16633333333333333
620,0.13833333333333334
621,0.11233333333333334
622,0.09733333333333333
623,0.09266666666666667
624,0.10033333333333333
625,0.11366666666666665
626,0.12366666666666666
627,0.13466666666666668
628,0.1466666666666667
629,0.11933333333333333
630,0.104
631,0.10066666666666667
632,0.09899999999999999
633,0.10000000000000002
634,0.10466666666666667
635,0.09266666666666667
636,0.08533333333333333
637,0.082
638,0.084
639,0.09000000000000001
640,0.102
641,0.103
642,0.10933333333333334
643,0.11533333333333333
644,0.121
645,0.133
646,0.13466666666666668
647,0.12133333333333333
648,0.11866666666666666
649,0.11666666666666665
650,0.10099999999999999
651,0.104
652,0.09366666666666668
653,0.09333333333333334
654,0.09033333333333333
655,0.085
656,0.08466666666666667
657,0.08700000000000001
658,0.08366666666666667
659,0.08566666666666667
660,0.09200000000000001
661,0.10366666666666667
662,0.11566666666666665
663,0.133
664,0.16566666666666666
665,0.18633333333333332
666,0.241
667,0.3096666666666667
668,0.36999999999999994
669,0.42766666666666664
670,0.43733333333333335
671,0.4856666666666667
672,0.5826666666666667
673,0.68
674,0.582
675,0.42766666666666664
676,0.292
677,0.20533333333333334
678,0.16033333333333333
679,0.127
680,0.10533333333333333
681,0.10366666666666667
682,0.09466666666666666
683,0.09566666666666668
684,0.09600000000000002
685,0.09800000000000002
686,0.10533333333333333
687,0.105
688,0.12
689,0.12833333333333333
690,0.12133333333333333
691,0.11933333333333333
692,0.129
693,0.12233333333333334
694,0.13133333333333333
695,0.11199999999999999
696,0.11299999999999999
697,0.11066666666666668
698,0.11133333333333333
699,0.10566666666666667
700,0.09433333333333334
701,0.09633333333333334
702,0.09300000000000001
703,0.09666666666666668
704,0.10200000000000002
705,0.10266666666666668
706,0.10133333333333334
707,0.104
708,0.09466666666666668
709,0.09899999999999999
710,0.09133333333333334
711,0.09433333333333334
712,0.09000000000000001
713,0.08366666666666667
714,0.08266666666666667
715,0.076
716,0.07533333333333335
717,0.069
718,0.06766666666666667
719,0.07100000000000001
720,0.07933333333333333
721,0.07600000000000001
722,0.08266666666666667
723,0.07766666666666666
724,0.07133333333333335
725,0.06833333333333334
726,0.06933333333333334
727,0.071
728,0.06933333333333333
729,0.06866666666666667
730,0.06833333333333334
731,0.07333333333333333
732,0.08833333333333333
733,0.10133333333333333
734,0.09466666666666668
735,0.10533333333333333
736,0.09733333333333334
737,0.07666666666666667
738,0.08166666666666667
739,0.09166666666666667
740,0.08633333333333333
741,0.07933333333333333
742,0.08433333333333333
743,0.09066666666666667
744,0.08733333333333333
745,0.09066666666666667
746,0.08900000000000001
747,0.07766666666666666
748,0.07166666666666667
749,0.077
750,0.07633333333333332
751,0.07166666666666667
752,0.07433333333333335
753,0.077
754,0.075
755,0.07166666666666667
756,0.07766666666666666
757,0.07833333333333332
758,0.07100000000000001
759,0.07266666666666667
760,0.07766666666666666
761,0.07366666666666666
762,0.07133333333333335
763,0.07733333333333332
764,0.07733333333333332
765,0.069
766,0.07366666666666666
767,0.082
768,0.08166666666666667
769,0.07433333333333335
770,0.083
771,0.10099999999999999
772,0.10633333333333334
773,0.09700000000000002
774,0.11466666666666665
775,0.10899999999999999
776,0.09800000000000002
777,0.09833333333333333
778,0.11466666666666665
779,0.12233333333333334
780,0.12433333333333334
781,0.14533333333333334
782,0.13133333333333333
783,0.13933333333333334
784,0.12533333333333332
785,0.11566666666666665
786,0.1376666666666667
787,0.13433333333333333
788,0.11599999999999999
789,0.12033333333333333
790,0.10966666666666668
791,0.12266666666666666
792,0.11966666666666666
793,0.11133333333333333
794,0.12033333333333333
795,0.14533333333333334
796,0.18633333333333332
797,0.22799999999999998
798,0.25633333333333336
799,0.226
800,0.2283333333333333
801,0.17899999999999996
802,0.15533333333333332
803,0.121
804,0.10933333333333334
805,0.11266666666666668
806,0.10100000000000002
807,0.09466666666666668
808,0.10833333333333334
809,0.10966666666666668
810,0.102
811,0.10466666666666667
812,0.11766666666666666
813,0.121
814,0.12
815,0.14200000000000002
816,0.15433333333333332
817,0.18800000000000003
818,0.19266666666666668
819,0.20099999999999998
820,0.19133333333333336
821,0.14933333333333332
822,0.12233333333333334
823,0.11133333333333333
824,0.107
825,0.09166666666666667
826,0.10200000000000002
827,0.105
828,0.09033333333333333
829,0.09366666666666668
830,0.10099999999999999
831,0.10000000000000002
832,0.122
833,0.11399999999999999
834,0.11133333333333334
835,0.11333333333333334
836,0.106
837,0.103
838,0.09966666666666668
839,0.08600000000000001
840,0.084
841,0.081
842,0.07533333333333332
843,0.07866666666666666
844,0.08033333333333333
845,0.081
846,0.07633333333333332
847,0.083
848,0.08033333333333333
849,0.07866666666666666
850,0.08433333333333333
851,0.08033333333333333
852,0.08
853,0.08
854,0.09033333333333333
855,0.09466666666666668
856,0.09300000000000001
857,0.08233333333333333
858,0.07833333333333332
859,0.08600000000000001
860,0.08533333333333333
861,0.07833333333333332
862,0.08166666666666667
863,0.08700000000000001
864,0.08566666666666667
865,0.082
866,0.08566666666666667
867,0.08966666666666667
868,0.08633333333333333
869,0.08466666666666667
870,0.08700000000000001
871,0.08866666666666667
872,0.08600000000000001
873,0.08600000000000001
874,0.07966666666666666
875,0.08800000000000001
876,0.09333333333333332
877,0.11133333333333334
878,0.12733333333333333
879,0.13433333333333333
880,0.11966666666666666
881,0.109
882,0.09766666666666668
883,0.09166666666666667
884,0.08866666666666667
885,0.09033333333333333
886,0.08800000000000001
887,0.09600000000000002
888,0.09066666666666667
889,0.08566666666666667
890,0.08533333333333333
891,0.08933333333333333
892,0.08666666666666667
893,0.08133333333333333
894,0.085
895,0.09100000000000001
896,0.09166666666666667
897,0.09133333333333334
898,0.09600000000000002
899,0.09500000000000001
900,0.10033333333333334
901,0.106
902,0.11566666666666665
903,0.11533333333333333
904,0.109
905,0.11566666666666665
906,0.12266666666666666
907,0.11933333333333333
908,0.12233333333333334
909,0.12966666666666668
910,0.11966666666666666
911,0.107
912,0.11466666666666668
913,0.116
914,0.10733333333333334
915,0.10566666666666667
916,0.113
917,0.11566666666666665
918,0.111
919,0.11066666666666668
920,0.12
921,0.12633333333333333
922,0.118
923,0.12
924,0.134
925,0.136
926,0.134
927,0.153
928,0.16433333333333333
929,0.16633333333333333
930,0.17666666666666667
931,0.17700000000000002
932,0.14933333333333332
933,0.11766666666666666
934,0.123
935,0.11166666666666668
936,0.09566666666666668
937,0.10133333333333333
938,0.09966666666666667
939,0.09133333333333334
940,0.09333333333333334
941,0.09433333333333334
942,0.09400000000000001
943,0.08866666666666667
944,0.08900000000000001
945,0.08800000000000001
946,0.08266666666666667
947,0.078
948,0.08066666666666666
949,0.07766666666666666
950,0.07066666666666667
951,0.07366666666666667
952,0.07566666666666667
953,0.07066666666666667
954,0.07533333333333335
955,0.08333333333333333
956,0.079
957,0.081
958,0.08333333333333333
959,0.10333333333333333
960,0.09500000000000001
961,0.10199999999999998
962,0.09000000000000001
963,0.08466666666666667
964,0.08433333333333333
965,0.084
966,0.09400000000000001
967,0.08833333333333333
968,0.084
969,0.09233333333333334
970,0.10100000000000002
971,0.10633333333333334
972,0.10466666666666667
973,0.12066666666666666
974,0.13233333333333333
975,0.13566666666666669
976,0.11499999999999999
977,0.09166666666666667
978,0.09233333333333334
979,0.09200000000000001
980,0.08233333333333333
981,0.07566666666666667
982,0.07666666666666666
983,0.078
984,0.073
985,0.06999999999999999
986,0.074
987,0.07266666666666666
988,0.06433333333333334
989,0.06466666666666666
990,0.06933333333333334
991,0.069
992,0.06433333333333334
993,0.06866666666666667
994,0.07
995,0.06733333333333334
996,0.066
997,0.07066666666666667
998,0.07266666666666667
999,0.069
1000,0.06933333333333334
1001,0.07266666666666667
1002,0.07433333333333333
1003,0.07333333333333333
1004,0.077
1005,0.078
1006,0.07166666666666667
1007,0.073
1008,0.07633333333333332
1009,0.074
1010,0.07
1011,0.074
1012,0.07466666666666666
1013,0.07233333333333335
1014,0.072
1015,0.07533333333333332
1016,0.07333333333333332
1017,0.07333333333333335
1018,0.07666666666666666
1019,0.07233333333333335
1020,0.06966666666666667
1021,0.07333333333333332
1022,0.07666666666666666
1023,0.08066666666666666
1024,0.08166666666666665
1025,0.08066666666666666
1026,0.09966666666666668
1027,0.08466666666666667
1028,0.085
1029,0.08800000000000001
1030,0.08033333333333333
1031,0.07433333333333332
1032,0.09100000000000001
1033,0.09300000000000001
1034,0.08900000000000001
1035,0.07833333333333332
1036,0.07566666666666666
1037,0.07566666666666666
1038,0.07566666666666666
1039,0.07166666666666667
1040,0.076
1041,0.07566666666666666
1042,0.07633333333333332
1043,0.07833333333333332
1044,0.083
1045,0.08633333333333333
1046,0.07966666666666666
1047,0.08
1048,0.07466666666666667
1049,0.07533333333333332
1050,0.073
1051,0.074
1052,0.07333333333333332
1053,0.07833333333333332
1054,0.07966666666666666
1055,0.08333333333333333
1056,0.08966666666666667
1057,0.09600000000000002
1058,0.10333333333333333
1059,0.11066666666666665
1060,0.11266666666666665
1061,0.11233333333333333
1062,0.10833333333333334
1063,0.10433333333333333
1064,0.107
1065,0.10133333333333334
1066,0.11033333333333334
1067,0.11
1068,0.10766666666666667
1069,0.11733333333333333
1070,0.12833333333333333
1071,0.14400000000000002
1072,0.17366666666666664
1073,0.159
1074,0.13533333333333333
1075,0.11833333333333333
1076,0.11266666666666668
1077,0.10766666666666667
1078,0.11066666666666668
1079,0.11599999999999999
1080,0.11699999999999999
1081,0.10133333333333333
1082,0.09400000000000001
1083,0.09999999999999999
1084,0.10533333333333333
1085,0.11733333333333333
1086,0.1446666666666667
1087,0.17566666666666667
1088,0.18333333333333335
1089,0.14933333333333332
1090,0.12266666666666666
1091,0.11266666666666668
1092,0.104
1093,0.10066666666666668
1094,0.09666666666666668
1095,0.09833333333333334
1096,0.09766666666666668
1097,0.09800000000000002
1098,0.09766666666666668
1099,0.11433333333333333
1100,0.121
1101,0.123
1102,0.12833333333333333
1103,0.125
1104,0.13566666666666669
1105,0.14466666666666664
1106,0.14933333333333335
1107,0.12933333333333333
1108,0.119
1109,0.122
1110,0.122
1111,0.12566666666666668
1112,0.1386666666666667
1113,0.141
1114,0.13133333333333333
1115,0.1446666666666667
1116,0.14233333333333334
1117,0.12933333333333333
1118,0.14833333333333332
1119,0.15066666666666664
1120,0.12633333333333333
1121,0.13033333333333333
1122,0.14166666666666664
1123,0.14633333333333332
1124,0.15633333333333332
1125,0.16266666666666665
1126,0.18833333333333332
1127,0.24066666666666667
1128,0.342
