1,0.2733333333333334
2,0.21666666666666665
3,0.169
4,0.17866666666666667
5,0.18666666666666668
6,0.18933333333333335
7,0.22566666666666665
8,0.23399999999999999
9,0.2223333333333333
10,0.249
11,0.24566666666666667
12,0.2253333333333333
13,0.2263333333333333
14,0.19600000000000004
15,0.16233333333333333
16,0.14633333333333334
17,0.13566666666666669
18,0.124
19,0.11666666666666665
20,0.11133333333333333
21,0.106
22,0.10100000000000002
23,0.09900000000000002
24,0.09566666666666668
25,0.09400000000000001
26,0.09566666666666668
27,0.10566666666666667
28,0.09066666666666667
29,0.08933333333333333
30,0.08600000000000001
31,0.08266666666666667
32,0.09066666666666667
33,0.102
34,0.11233333333333333
35,0.11633333333333333
36,0.11066666666666665
37,0.10766666666666667
38,0.10666666666666665
39,0.10999999999999999
40,0.10833333333333334
41,0.10266666666666668
42,0.09566666666666668
43,0.08800000000000001
44,0.09066666666666667
45,0.09533333333333334
46,0.09533333333333334
47,0.10933333333333334
48,0.11933333333333333
49,0.12633333333333333
50,0.12166666666666666
51,0.12666666666666668
52,0.13066666666666668
53,0.12866666666666668
54,0.14533333333333334
55,0.155
56,0.17466666666666666
57,0.19733333333333336
58,0.23366666666666666
59,0.3013333333333333
60,0.35533333333333333
61,0.375
62,0.3463333333333334
63,0.29666666666666663
64,0.25266666666666665
65,0.209
66,0.17866666666666667
67,0.15666666666666665
68,0.14333333333333334
69,0.133
70,0.132
71,0.12
72,0.11599999999999999
73,0.11233333333333333
74,0.10133333333333334
75,0.10966666666666665
76,0.11366666666666665
77,0.09533333333333334
78,0.09466666666666668
79,0.09366666666666668
80,0.09800000000000002
81,0.108
82,0.11633333333333333
83,0.12666666666666668
84,0.13733333333333334
85,0.158
86,0.168
87,0.14733333333333332
88,0.13733333333333334
89,0.12233333333333334
90,0.123
91,0.11433333333333333
92,0.10366666666666667
93,0.10433333333333333
94,0.09900000000000002
95,0.106
96,0.12033333333333333
97,0.13933333333333334
98,0.12766666666666668
99,0.1406666666666667
100,0.14733333333333334
101,0.153
102,0.13366666666666668
103,0.11733333333333333
104,0.10566666666666667
105,0.09966666666666667
106,0.10266666666666667
107,0.103
108,0.11699999999999999
109,0.13033333333333333
110,0.15633333333333332
111,0.18833333333333332
112,0.18299999999999997
113,0.15766666666666665
114,0.13133333333333333
115,0.12433333333333334
116,0.11633333333333333
117,0.11766666666666666
118,0.10966666666666665
119,0.11733333333333333
120,0.12166666666666666
121,0.12266666666666666
122,0.137
123,0.13333333333333333
124,0.143
125,0.15433333333333332
126,0.14966666666666667
127,0.13633333333333333
128,0.1436666666666667
129,0.1516666666666667
130,0.17366666666666666
131,0.18166666666666664
132,0.21033333333333334
133,0.24633333333333332
134,0.28633333333333333
135,0.3496666666666666
136,0.38433333333333336
137,0.3626666666666667
138,0.3383333333333333
139,0.283
140,0.2313333333333333
141,0.2153333333333333
142,0.19366666666666665
143,0.19533333333333336
144,0.18333333333333335
145,0.161
146,0.14766666666666667
147,0.13466666666666668
148,0.136
149,0.155
150,0.152
151,0.14466666666666667
152,0.14466666666666667
153,0.13799999999999998
154,0.131
155,0.13266666666666668
156,0.128
157,0.133
158,0.13533333333333333
159,0.14266666666666666
160,0.15566666666666665
161,0.17866666666666667
162,0.18400000000000002
163,0.19600000000000004
164,0.21766666666666667
165,0.20766666666666667
166,0.22066666666666665
167,0.2363333333333333
168,0.25766666666666665
169,0.2763333333333333
170,0.273
171,0.2803333333333334
172,0.239
173,0.18766666666666665
174,0.15633333333333332
175,0.15566666666666665
176,0.13733333333333334
177,0.12266666666666666
178,0.11133333333333334
179,0.09933333333333334
180,0.09266666666666667
181,0.08766666666666667
182,0.09000000000000001
183,0.10333333333333333
184,0.11333333333333334
185,0.12933333333333333
186,0.15733333333333333
187,0.12833333333333333
188,0.10733333333333334
189,0.09733333333333334
190,0.09700000000000002
191,0.09233333333333334
192,0.08933333333333333
193,0.09600000000000002
194,0.10366666666666667
195,0.11599999999999999
196,0.13133333333333333
197,0.14733333333333334
198,0.15533333333333332
199,0.19233333333333333
200,0.19933333333333333
201,0.23066666666666666
202,0.22599999999999998
203,0.19533333333333336
204,0.17400000000000002
205,0.16899999999999996
206,0.18266666666666667
207,0.16066666666666665
208,0.13366666666666668
209,0.12866666666666668
210,0.10833333333333334
211,0.09333333333333334
212,0.09633333333333334
213,0.10033333333333334
214,0.11199999999999999
215,0.125
216,0.11833333333333333
217,0.109
218,0.11
219,0.11166666666666668
220,0.114
221,0.111
222,0.11066666666666665
223,0.10433333333333335
224,0.10733333333333334
225,0.10566666666666667
226,0.10366666666666667
227,0.10933333333333334
228,0.11166666666666668
229,0.119
230,0.13166666666666668
231,0.1446666666666667
232,0.16133333333333333
233,0.18533333333333335
234,0.20866666666666667
235,0.252
236,0.312
237,0.38833333333333336
238,0.442
239,0.537
240,0.5553333333333333
241,0.5213333333333333
242,0.45566666666666666
243,0.38000000000000006
244,0.3273333333333333
245,0.24566666666666667
246,0.204
247,0.19333333333333336
248,0.18066666666666667
249,0.18033333333333335
250,0.166
251,0.1456666666666667
252,0.13433333333333333
253,0.11933333333333333
254,0.11566666666666665
255,0.10666666666666667
256,0.10400000000000002
257,0.10100000000000002
258,0.09466666666666668
259,0.10266666666666667
260,0.10566666666666667
261,0.09666666666666668
262,0.09800000000000002
263,0.09333333333333334
264,0.09066666666666667
265,0.09233333333333334
266,0.09666666666666668
267,0.09866666666666668
268,0.10933333333333332
269,0.121
270,0.123
271,0.10866666666666668
272,0.10533333333333333
273,0.09700000000000002
274,0.10966666666666665
275,0.10100000000000002
276,0.09166666666666667
277,0.09300000000000001
278,0.09066666666666667
279,0.09166666666666667
280,0.10266666666666667
281,0.103
282,0.10333333333333333
283,0.104
284,0.09999999999999999
285,0.09033333333333333
286,0.09233333333333334
287,0.09566666666666666
288,0.09366666666666668
289,0.09233333333333334
290,0.10433333333333333
291,0.10933333333333334
292,0.11866666666666666
293,0.12066666666666666
294,0.11666666666666665
295,0.128
296,0.11666666666666665
297,0.118
298,0.111
299,0.10233333333333333
300,0.09233333333333332
301,0.09000000000000001
302,0.08900000000000001
303,0.08866666666666667
304,0.08233333333333333
305,0.08066666666666666
306,0.08366666666666667
307,0.09500000000000001
308,0.10133333333333333
309,0.11299999999999999
310,0.10633333333333334
311,0.123
312,0.11333333333333333
313,0.11033333333333334
314,0.10433333333333333
315,0.09766666666666668
316,0.09233333333333334
317,0.09400000000000001
318,0.09533333333333334
319,0.105
320,0.10833333333333334
321,0.13166666666666668
322,0.128
323,0.11533333333333333
324,0.10366666666666667
325,0.109
326,0.11033333333333334
327,0.12533333333333332
328,0.12433333333333334
329,0.113
330,0.102
331,0.111
332,0.11866666666666666
333,0.139
334,0.122
335,0.09366666666666668
336,0.08800000000000001
337,0.09066666666666667
338,0.08900000000000001
339,0.09866666666666667
340,0.09466666666666666
341,0.08966666666666667
342,0.09066666666666667
343,0.09133333333333334
344,0.09500000000000001
345,0.09600000000000002
346,0.09666666666666668
347,0.11766666666666666
348,0.10166666666666668
349,0.09900000000000002
350,0.09933333333333334
351,0.10333333333333335
352,0.11433333333333333
353,0.11166666666666665
354,0.125
355,0.12733333333333333
356,0.122
357,0.132
358,0.1396666666666667
359,0.14200000000000002
360,0.15666666666666665
361,0.12033333333333333
362,0.09466666666666668
363,0.08866666666666667
364,0.09433333333333334
365,0.08833333333333333
366,0.09200000000000001
367,0.09000000000000001
368,0.09866666666666668
369,0.11266666666666665
370,0.10533333333333333
371,0.11433333333333333
372,0.11533333333333333
373,0.11733333333333333
374,0.11066666666666668
375,0.107
376,0.119
377,0.12
378,0.09366666666666668
379,0.08533333333333333
380,0.08233333333333333
381,0.08533333333333333
382,0.10166666666666667
383,0.08566666666666667
384,0.08433333333333333
385,0.08233333333333333
386,0.078
387,0.07766666666666666
388,0.07566666666666666
389,0.07666666666666666
390,0.079
391,0.08333333333333333
392,0.08700000000000001
393,0.08866666666666667
394,0.084
395,0.08466666666666667
396,0.08600000000000001
397,0.08266666666666667
398,0.082
399,0.09066666666666667
400,0.10166666666666667
401,0.12166666666666666
402,0.10366666666666667
403,0.103
404,0.09833333333333334
405,0.09566666666666668
406,0.08333333333333333
407,0.09100000000000001
408,0.09766666666666668
409,0.09233333333333334
410,0.085
411,0.08333333333333333
412,0.09000000000000001
413,0.09700000000000002
414,0.11166666666666668
415,0.12633333333333333
416,0.123
417,0.09999999999999999
418,0.09166666666666667
419,0.08700000000000001
420,0.08233333333333333
421,0.079
422,0.08066666666666666
423,0.08066666666666666
424,0.083
425,0.08933333333333333
426,0.09633333333333333
427,0.12966666666666668
428,0.1466666666666667
429,0.13933333333333334
430,0.12933333333333333
431,0.152
432,0.19433333333333333
433,0.221
434,0.252
435,0.24733333333333332
436,0.20766666666666667
437,0.17933333333333334
438,0.15233333333333335
439,0.10766666666666667
440,0.108
441,0.09833333333333333
442,0.103
443,0.11566666666666665
444,0.122
445,0.12366666666666666
446,0.1436666666666667
447,0.13733333333333334
448,0.12366666666666666
449,0.10833333333333334
450,0.10833333333333334
451,0.10366666666666667
452,0.102
453,0.10233333333333333
454,0.11066666666666668
455,0.11733333333333333
456,0.131
457,0.14500000000000002
458,0.17133333333333334
459,0.18666666666666665
460,0.18633333333333332
461,0.20433333333333334
462,0.26366666666666666
463,0.34
464,0.4183333333333333
465,0.47500000000000003
466,0.455
467,0.41133333333333333
468,0.3353333333333333
469,0.434
470,0.46799999999999997
471,0.48233333333333334
472,0.4523333333333333
473,0.39233333333333337
474,0.365
475,0.30433333333333334
476,0.22866666666666666
477,0.19166666666666665
478,0.15966666666666665
479,0.1406666666666667
480,0.12466666666666666
481,0.123
482,0.12133333333333333
483,0.10966666666666668
484,0.12466666666666666
485,0.12033333333333333
486,0.157
487,0.17866666666666667
488,0.19099999999999998
489,0.18266666666666664
490,0.158
491,0.13266666666666668
492,0.11166666666666668
493,0.09933333333333333
494,0.09200000000000001
495,0.08600000000000001
496,0.079
497,0.07733333333333332
498,0.07733333333333332
499,0.078
500,0.07566666666666666
501,0.08166666666666667
502,0.08633333333333333
503,0.08333333333333333
504,0.08833333333333333
505,0.09133333333333334
506,0.08800000000000001
507,0.09133333333333334
508,0.09133333333333334
509,0.09133333333333334
510,0.09066666666666667
511,0.09800000000000002
512,0.08733333333333333
513,0.09066666666666667
514,0.107
515,0.119
516,0.129
517,0.13433333333333333
518,0.109
519,0.11066666666666668
520,0.12133333333333333
521,0.11766666666666666
522,0.118
523,0.11066666666666668
524,0.10966666666666668
525,0.11166666666666668
526,0.09866666666666667
527,0.09533333333333334
528,0.09500000000000001
529,0.09500000000000001
530,0.09300000000000001
531,0.08633333333333333
532,0.08600000000000001
533,0.09566666666666666
534,0.09300000000000001
535,0.09900000000000002
536,0.10266666666666667
537,0.09233333333333334
538,0.08800000000000001
539,0.08800000000000001
540,0.08866666666666667
541,0.09533333333333334
542,0.10366666666666667
543,0.10133333333333334
544,0.11333333333333334
545,0.103
546,0.114
547,0.10266666666666667
548,0.11033333333333334
549,0.12066666666666666
550,0.10566666666666667
551,0.09166666666666667
552,0.08600000000000001
553,0.08033333333333333
554,0.082
555,0.08966666666666667
556,0.10066666666666667
557,0.12766666666666668
558,0.12566666666666668
559,0.11233333333333334
560,0.10566666666666667
561,0.09300000000000001
562,0.08766666666666667
563,0.08233333333333333
564,0.084
565,0.08966666666666667
566,0.09233333333333334
567,0.10233333333333333
568,0.12466666666666666
569,0.119
570,0.10933333333333334
571,0.10866666666666668
572,0.09266666666666667
573,0.08766666666666667
574,0.084
575,0.08266666666666667
576,0.08333333333333333
577,0.083
578,0.08700000000000001
579,0.09000000000000001
580,0.09266666666666667
581,0.10166666666666667
582,0.09000000000000001
583,0.08600000000000001
584,0.08533333333333333
585,0.08766666666666667
586,0.09299999999999999
587,0.10433333333333333
588,0.11733333333333333
589,0.132
590,0.1456666666666667
591,0.16666666666666666
592,0.17566666666666667
593,0.14633333333333334
594,0.15000000000000002
595,0.12766666666666668
596,0.10366666666666667
597,0.09866666666666667
598,0.09066666666666667
599,0.08433333333333333
600,0.08666666666666667
601,0.08966666666666667
602,0.09566666666666668
603,0.10066666666666667
604,0.11766666666666666
605,0.12566666666666668
606,0.16466666666666666
607,0.209
608,0.25166666666666665
609,0.3036666666666667
610,0.36266666666666664
611,0.43
612,0.49700000000000005
613,0.514
614,0.46166666666666667
615,0.441
616,0.36633333333333334
617,0.311
618,0.26699999999999996
619,0.216
620,0.17500000000000002
621,0.12933333333333333
622,0.111
623,0.107
624,0.11333333333333333
625,0.133
626,0.14400000000000002
627,0.155
628,0.16666666666666666
629,0.14200000000000002
630,0.12166666666666666
631,0.11766666666666666
632,0.11633333333333333
633,0.11366666666666665
634,0.11466666666666665
635,0.102
636,0.09666666666666666
637,0.09133333333333334
638,0.09366666666666668
639,0.10366666666666667
640,0.11399999999999999
641,0.11633333333333333
642,0.12933333333333333
643,0.135
644,0.1436666666666667
645,0.163
646,0.16533333333333333
647,0.14433333333333334
648,0.14133333333333334
649,0.1366666666666667
650,0.11866666666666666
651,0.123
652,0.10933333333333334
653,0.106
654,0.10266666666666667
655,0.09399999999999999
656,0.09300000000000001
657,0.09666666666666666
658,0.09399999999999999
659,0.09933333333333333
660,0.107
661,0.12
662,0.13033333333333333
663,0.156
664,0.19833333333333333
665,0.236
666,0.3196666666666667
667,0.4046666666666667
668,0.48266666666666663
669,0.5633333333333334
670,0.6173333333333333
671,0.7066666666666667
672,0.8140000000000001
673,0.9419999999999998
674,0.7866666666666666
675,0.5716666666666667
676,0.38233333333333336
677,0.24533333333333332
678,0.19000000000000003
679,0.1506666666666667
680,0.122
681,0.122
682,0.10933333333333334
683,0.11
684,0.10833333333333334
685,0.11133333333333334
686,0.11833333333333333
687,0.11366666666666665
688,0.13433333333333333
689,0.15033333333333335
690,0.14333333333333334
691,0.139
692,0.15533333333333335
693,0.1436666666666667
694,0.14933333333333335
695,0.12133333333333333
696,0.12066666666666666
697,0.11833333333333333
698,0.11733333333333333
699,0.11566666666666665
700,0.10566666666666667
701,0.104
702,0.09966666666666667
703,0.09966666666666667
704,0.10733333333333334
705,0.10899999999999999
706,0.102
707,0.10633333333333334
708,0.10133333333333333
709,0.10133333333333333
710,0.09266666666666667
711,0.09900000000000002
712,0.09766666666666668
713,0.08866666666666667
714,0.08733333333333333
715,0.081
716,0.08033333333333333
717,0.07566666666666666
718,0.07633333333333332
719,0.08
720,0.08633333333333333
721,0.09066666666666667
722,0.09000000000000001
723,0.08800000000000001
724,0.08133333333333333
725,0.07466666666666666
726,0.07766666666666666
727,0.08133333333333333
728,0.07966666666666666
729,0.07833333333333332
730,0.07933333333333333
731,0.083
732,0.10033333333333333
733,0.12033333333333333
734,0.111
735,0.12266666666666666
736,0.11566666666666665
737,0.09233333333333334
738,0.09966666666666668
739,0.10733333333333334
740,0.09966666666666667
741,0.09000000000000001
742,0.10066666666666667
743,0.10533333333333333
744,0.10033333333333333
745,0.10566666666666667
746,0.10066666666666668
747,0.08600000000000001
748,0.079
749,0.08700000000000001
750,0.08600000000000001
751,0.07633333333333332
752,0.08133333333333333
753,0.08600000000000001
754,0.08166666666666667
755,0.076
756,0.08733333333333333
757,0.08666666666666667
758,0.079
759,0.08533333333333333
760,0.09200000000000001
761,0.08066666666666666
762,0.07566666666666667
763,0.08800000000000001
764,0.08766666666666667
765,0.07733333333333332
766,0.08233333333333333
767,0.09333333333333334
768,0.09233333333333334
769,0.07966666666666666
770,0.08800000000000001
771,0.109
772,0.12666666666666668
773,0.11333333333333333
774,0.13233333333333333
775,0.12366666666666666
776,0.10866666666666668
777,0.10866666666666668
778,0.125
779,0.137
780,0.1426666666666667
781,0.169
782,0.15966666666666665
783,0.157
784,0.1456666666666667
785,0.132
786,0.157
787,0.15166666666666664
788,0.129
789,0.13366666666666668
790,0.12133333333333333
791,0.14300000000000002
792,0.14
793,0.12766666666666668
794,0.13833333333333334
795,0.16866666666666666
796,0.22633333333333336
797,0.289
798,0.3196666666666667
799,0.27566666666666667
800,0.265
801,0.21833333333333335
802,0.18533333333333335
803,0.14866666666666664
804,0.124
805,0.124
806,0.10833333333333334
807,0.10400000000000002
808,0.11866666666666666
809,0.12033333333333333
810,0.11133333333333334
811,0.11833333333333333
812,0.13833333333333334
813,0.14033333333333334
814,0.1406666666666667
815,0.16833333333333333
816,0.19533333333333333
817,0.24166666666666667
818,0.24466666666666667
819,0.257
820,0.23166666666666666
821,0.17600000000000002
822,0.14166666666666666
823,0.12633333333333333
824,0.12266666666666666
825,0.10566666666666667
826,0.11466666666666665
827,0.11966666666666666
828,0.104
829,0.107
830,0.12033333333333333
831,0.11766666666666666
832,0.1406666666666667
833,0.138
834,0.135
835,0.13433333333333333
836,0.12766666666666668
837,0.124
838,0.11533333333333333
839,0.09766666666666668
840,0.09933333333333333
841,0.09333333333333334
842,0.08666666666666667
843,0.08666666666666667
844,0.09233333333333334
845,0.08933333333333333
846,0.085
847,0.09233333333333334
848,0.08700000000000001
849,0.09000000000000001
850,0.09966666666666668
851,0.09033333333333333
852,0.08800000000000001
853,0.08733333333333333
854,0.09633333333333334
855,0.10133333333333334
856,0.10066666666666668
857,0.08766666666666667
858,0.08666666666666667
859,0.09566666666666668
860,0.09333333333333334
861,0.08700000000000001
862,0.08966666666666667
863,0.09533333333333334
864,0.09433333333333334
865,0.08933333333333333
866,0.09233333333333334
867,0.09533333333333334
868,0.09466666666666668
869,0.09333333333333334
870,0.09466666666666668
871,0.09266666666666667
872,0.09766666666666668
873,0.10066666666666668
874,0.09300000000000001
875,0.09799999999999999
876,0.10366666666666667
877,0.12766666666666668
878,0.14466666666666667
879,0.15033333333333335
880,0.1366666666666667
881,0.124
882,0.10566666666666667
883,0.09900000000000002
884,0.09533333333333334
885,0.09700000000000002
886,0.09533333333333334
887,0.10433333333333333
888,0.09933333333333334
889,0.09233333333333334
890,0.09166666666666667
891,0.09600000000000002
892,0.09066666666666667
893,0.08766666666666667
894,0.08933333333333333
895,0.09800000000000002
896,0.10266666666666667
897,0.102
898,0.10966666666666668
899,0.10666666666666667
900,0.11533333333333334
901,0.12033333333333333
902,0.12766666666666668
903,0.12866666666666668
904,0.12266666666666666
905,0.12433333333333334
906,0.13266666666666668
907,0.12866666666666668
908,0.13133333333333333
909,0.14333333333333334
910,0.13366666666666668
911,0.11599999999999999
912,0.12366666666666666
913,0.12766666666666668
914,0.11666666666666665
915,0.112
916,0.12333333333333334
917,0.12466666666666666
918,0.11599999999999999
919,0.11833333333333333
920,0.131
921,0.13366666666666668
922,0.126
923,0.13533333333333333
924,0.14833333333333332
925,0.149
926,0.148
927,0.16966666666666666
928,0.18066666666666667
929,0.18200000000000002
930,0.20033333333333334
931,0.19833333333333333
932,0.17966666666666664
933,0.134
934,0.14800000000000002
935,0.13033333333333333
936,0.10933333333333334
937,0.11366666666666665
938,0.11499999999999999
939,0.10566666666666669
940,0.10799999999999998
941,0.11599999999999999
942,0.11299999999999999
943,0.10366666666666667
944,0.10100000000000002
945,0.10233333333333335
946,0.09466666666666668
947,0.09033333333333333
948,0.09666666666666666
949,0.09233333333333334
950,0.08233333333333333
951,0.08633333333333333
952,0.08933333333333333
953,0.08533333333333333
954,0.08866666666666667
955,0.09333333333333334
956,0.08966666666666667
957,0.09566666666666668
958,0.09733333333333334
959,0.11399999999999999
960,0.105
961,0.11166666666666668
962,0.10133333333333333
963,0.09666666666666668
964,0.10000000000000002
965,0.10166666666666668
966,0.11566666666666665
967,0.10466666666666667
968,0.09666666666666668
969,0.11066666666666668
970,0.11966666666666666
971,0.12066666666666666
972,0.11966666666666666
973,0.14
974,0.14333333333333334
975,0.14833333333333332
976,0.127
977,0.105
978,0.10233333333333333
979,0.09899999999999999
980,0.09066666666666667
981,0.08533333333333333
982,0.08633333333333333
983,0.08700000000000001
984,0.08033333333333333
985,0.078
986,0.08566666666666667
987,0.079
988,0.07100000000000001
989,0.07233333333333333
990,0.07566666666666666
991,0.07366666666666667
992,0.07166666666666667
993,0.074
994,0.07666666666666666
995,0.07266666666666667
996,0.07166666666666667
997,0.07933333333333333
998,0.079
999,0.073
1000,0.074
1001,0.07966666666666666
1002,0.08033333333333333
1003,0.07733333333333332
1004,0.084
1005,0.08433333333333333
1006,0.07566666666666666
1007,0.07866666666666666
1008,0.084
1009,0.07833333333333332
1010,0.07533333333333332
1011,0.07866666666666666
1012,0.07733333333333332
1013,0.073
1014,0.07766666666666666
1015,0.08133333333333333
1016,0.07833333333333332
1017,0.079
1018,0.083
1019,0.07966666666666666
1020,0.07433333333333332
1021,0.07966666666666666
1022,0.08700000000000001
1023,0.09199999999999998
1024,0.09166666666666667
1025,0.09533333333333333
1026,0.11433333333333333
1027,0.104
1028,0.102
1029,0.10033333333333334
1030,0.08933333333333333
1031,0.082
1032,0.09899999999999999
1033,0.10433333333333333
1034,0.09966666666666667
1035,0.08633333333333333
1036,0.082
1037,0.08433333333333333
1038,0.084
1039,0.07733333333333332
1040,0.084
1041,0.08366666666666667
1042,0.084
1043,0.08800000000000001
1044,0.09100000000000001
1045,0.09733333333333334
1046,0.09066666666666667
1047,0.085
1048,0.07966666666666666
1049,0.08
1050,0.07733333333333332
1051,0.08066666666666666
1052,0.07833333333333332
1053,0.08466666666666667
1054,0.08666666666666667
1055,0.08666666666666667
1056,0.09400000000000001
1057,0.09800000000000002
1058,0.107
1059,0.11533333333333333
1060,0.11733333333333333
1061,0.12066666666666666
1062,0.11833333333333333
1063,0.11333333333333333
1064,0.11499999999999999
1065,0.10866666666666668
1066,0.11633333333333333
1067,0.12033333333333333
1068,0.12366666666666666
1069,0.135
1070,0.14700000000000002
1071,0.16533333333333333
1072,0.19833333333333333
1073,0.18266666666666667
1074,0.158
1075,0.139
1076,0.13233333333333333
1077,0.12266666666666666
1078,0.126
1079,0.14
1080,0.13633333333333333
1081,0.113
1082,0.10166666666666667
1083,0.10766666666666667
1084,0.111
1085,0.125
1086,0.16233333333333333
1087,0.19633333333333333
1088,0.19933333333333336
1089,0.16
1090,0.12933333333333333
1091,0.11933333333333333
1092,0.11033333333333334
1093,0.10833333333333334
1094,0.10466666666666667
1095,0.10733333333333334
1096,0.10866666666666668
1097,0.10733333333333334
1098,0.10766666666666667
1099,0.122
1100,0.128
1101,0.13233333333333333
1102,0.143
1103,0.13633333333333333
1104,0.154
1105,0.17266666666666666
1106,0.17966666666666664
1107,0.15533333333333332
1108,0.14033333333333334
1109,0.14833333333333332
1110,0.14700000000000002
1111,0.15066666666666664
1112,0.169
1113,0.16733333333333333
1114,0.156
1115,0.17566666666666664
1116,0.16766666666666666
1117,0.1486666666666667
1118,0.16633333333333333
1119,0.164
1120,0.14400000000000002
1121,0.14833333333333332
1122,0.162
1123,0.17499999999999996
1124,0.18866666666666668
1125,0.19333333333333336
1126,0.23866666666666667
1127,0.314
1128,0.4443333333333333
