1,0.32166666666666666
2,0.25066666666666665
3,0.18166666666666664
4,0.18299999999999997
5,0.19833333333333333
6,0.19899999999999998
7,0.2323333333333333
8,0.24466666666666667
9,0.23966666666666667
10,0.26866666666666666
11,0.27166666666666667
12,0.239
13,0.23266666666666666
14,0.20333333333333337
15,0.157
16,0.14533333333333334
17,0.1366666666666667
18,0.126
19,0.11633333333333333
20,0.11066666666666665
21,0.10533333333333333
22,0.104
23,0.10099999999999999
24,0.09566666666666668
25,0.09133333333333334
26,0.09466666666666668
27,0.106
28,0.10233333333333333
29,0.09733333333333334
30,0.09766666666666668
31,0.09333333333333334
32,0.09700000000000002
33,0.10766666666666665
34,0.122
35,0.12166666666666666
36,0.118
37,0.10799999999999998
38,0.10599999999999998
39,0.10633333333333334
40,0.10233333333333335
41,0.09833333333333334
42,0.09300000000000001
43,0.09166666666666667
44,0.09600000000000002
45,0.10000000000000002
46,0.10233333333333333
47,0.11533333333333333
48,0.12233333333333334
49,0.12733333333333333
50,0.11966666666666666
51,0.12133333333333333
52,0.125
53,0.12366666666666666
54,0.14333333333333334
55,0.15433333333333332
56,0.18333333333333335
57,0.21166666666666667
58,0.253
59,0.336
60,0.39966666666666667
61,0.4373333333333333
62,0.38566666666666666
63,0.317
64,0.2673333333333333
65,0.21999999999999997
66,0.18800000000000003
67,0.15966666666666665
68,0.14300000000000002
69,0.131
70,0.131
71,0.12
72,0.11333333333333333
73,0.11433333333333333
74,0.10366666666666668
75,0.11566666666666665
76,0.11499999999999999
77,0.09900000000000002
78,0.09500000000000001
79,0.09133333333333334
80,0.09566666666666668
81,0.10233333333333333
82,0.112
83,0.12266666666666666
84,0.13066666666666668
85,0.15533333333333332
86,0.167
87,0.149
88,0.1396666666666667
89,0.123
90,0.12066666666666666
91,0.11333333333333334
92,0.10233333333333333
93,0.103
94,0.09800000000000002
95,0.10766666666666667
96,0.12566666666666668
97,0.14833333333333334
98,0.13266666666666668
99,0.1476666666666667
100,0.16133333333333333
101,0.16533333333333333
102,0.1396666666666667
103,0.12466666666666666
104,0.10766666666666667
105,0.10166666666666668
106,0.106
107,0.10633333333333334
108,0.11599999999999999
109,0.13366666666666668
110,0.16333333333333333
111,0.19299999999999998
112,0.19333333333333336
113,0.16366666666666665
114,0.13566666666666669
115,0.12733333333333333
116,0.11566666666666665
117,0.11766666666666666
118,0.111
119,0.12
120,0.12533333333333332
121,0.126
122,0.13933333333333334
123,0.1376666666666667
124,0.152
125,0.16233333333333333
126,0.15066666666666667
127,0.136
128,0.14300000000000002
129,0.14933333333333335
130,0.17033333333333334
131,0.18000000000000002
132,0.208
133,0.244
134,0.2963333333333333
135,0.373
136,0.429
137,0.3893333333333333
138,0.3486666666666666
139,0.28833333333333333
140,0.2383333333333333
141,0.21766666666666665
142,0.19400000000000003
143,0.19966666666666666
144,0.18600000000000003
145,0.15866666666666665
146,0.15133333333333332
147,0.13566666666666669
148,0.139
149,0.15966666666666665
150,0.15466666666666665
151,0.14233333333333334
152,0.146
153,0.14533333333333334
154,0.13533333333333333
155,0.13866666666666666
156,0.131
157,0.13266666666666668
158,0.137
159,0.14733333333333334
160,0.16
161,0.18733333333333335
162,0.19833333333333333
163,0.20266666666666666
164,0.23966666666666667
165,0.22299999999999998
166,0.2293333333333333
167,0.24466666666666667
168,0.26266666666666666
169,0.26266666666666666
170,0.25833333333333336
171,0.25466666666666665
172,0.2313333333333333
173,0.19566666666666666
174,0.156
175,0.156
176,0.1376666666666667
177,0.12
178,0.10933333333333334
179,0.09600000000000002
180,0.09166666666666667
181,0.08366666666666667
182,0.08833333333333333
183,0.09700000000000002
184,0.106
185,0.12466666666666666
186,0.14633333333333334
187,0.12366666666666666
188,0.10666666666666667
189,0.09566666666666668
190,0.09333333333333334
191,0.09000000000000001
192,0.08733333333333333
193,0.09533333333333334
194,0.10166666666666668
195,0.11633333333333333
196,0.133
197,0.15266666666666664
198,0.15933333333333333
199,0.20033333333333334
200,0.21033333333333334
201,0.24466666666666667
202,0.248
203,0.219
204,0.19333333333333336
205,0.17800000000000002
206,0.19400000000000003
207,0.16266666666666665
208,0.13333333333333333
209,0.12466666666666666
210,0.10333333333333333
211,0.08933333333333333
212,0.09533333333333334
213,0.09966666666666668
214,0.10999999999999999
215,0.12266666666666666
216,0.11366666666666665
217,0.10866666666666668
218,0.11733333333333333
219,0.11666666666666665
220,0.11699999999999999
221,0.114
222,0.11133333333333333
223,0.10466666666666667
224,0.11033333333333334
225,0.10733333333333334
226,0.10166666666666667
227,0.10766666666666667
228,0.11166666666666668
229,0.11833333333333333
230,0.13133333333333333
231,0.14233333333333334
232,0.158
233,0.18100000000000002
234,0.20866666666666667
235,0.26666666666666666
236,0.3363333333333333
237,0.42366666666666664
238,0.48666666666666664
239,0.6083333333333333
240,0.6536666666666666
241,0.604
242,0.5286666666666666
243,0.4323333333333333
244,0.347
245,0.256
246,0.208
247,0.19266666666666668
248,0.18200000000000002
249,0.18033333333333332
250,0.16266666666666665
251,0.14
252,0.13066666666666668
253,0.11499999999999999
254,0.10933333333333334
255,0.10366666666666668
256,0.10300000000000002
257,0.09966666666666668
258,0.09500000000000001
259,0.10066666666666668
260,0.10200000000000002
261,0.09600000000000002
262,0.09833333333333334
263,0.09600000000000002
264,0.09366666666666668
265,0.09600000000000002
266,0.10200000000000002
267,0.102
268,0.11566666666666665
269,0.129
270,0.129
271,0.11399999999999999
272,0.106
273,0.09900000000000002
274,0.10999999999999999
275,0.10666666666666667
276,0.09766666666666668
277,0.09800000000000002
278,0.09400000000000001
279,0.09533333333333334
280,0.10400000000000002
281,0.109
282,0.109
283,0.10966666666666668
284,0.10533333333333333
285,0.09633333333333334
286,0.09666666666666668
287,0.10000000000000002
288,0.09700000000000002
289,0.09533333333333334
290,0.10699999999999998
291,0.11166666666666665
292,0.11533333333333333
293,0.12
294,0.11933333333333333
295,0.1376666666666667
296,0.12333333333333334
297,0.12666666666666668
298,0.11599999999999999
299,0.10866666666666668
300,0.09866666666666667
301,0.09866666666666667
302,0.10666666666666667
303,0.11299999999999999
304,0.11599999999999999
305,0.10533333333333333
306,0.10533333333333333
307,0.12966666666666668
308,0.12833333333333333
309,0.13366666666666668
310,0.12166666666666666
311,0.14533333333333334
312,0.135
313,0.12766666666666668
314,0.11933333333333333
315,0.11066666666666668
316,0.10166666666666667
317,0.104
318,0.105
319,0.11666666666666665
320,0.11366666666666665
321,0.13533333333333333
322,0.12466666666666666
323,0.11199999999999999
324,0.09933333333333333
325,0.10866666666666668
326,0.10733333333333334
327,0.12066666666666666
328,0.12
329,0.111
330,0.10000000000000002
331,0.10999999999999999
332,0.11533333333333333
333,0.145
334,0.12866666666666668
335,0.09666666666666666
336,0.08966666666666667
337,0.09000000000000001
338,0.08866666666666667
339,0.10066666666666667
340,0.09666666666666666
341,0.09100000000000001
342,0.09633333333333334
343,0.10066666666666668
344,0.10466666666666667
345,0.10366666666666667
346,0.09599999999999999
347,0.12033333333333333
348,0.10366666666666667
349,0.09466666666666668
350,0.09500000000000001
351,0.10066666666666668
352,0.10666666666666667
353,0.10633333333333334
354,0.11433333333333333
355,0.11266666666666665
356,0.10366666666666667
357,0.10666666666666667
358,0.11233333333333334
359,0.122
360,0.12866666666666668
361,0.10366666666666667
362,0.09000000000000001
363,0.08566666666666667
364,0.09533333333333334
365,0.09066666666666667
366,0.09466666666666668
367,0.08733333333333333
368,0.09500000000000001
369,0.11299999999999999
370,0.10466666666666667
371,0.11433333333333334
372,0.11299999999999999
373,0.11666666666666665
374,0.11566666666666665
375,0.11599999999999999
376,0.12666666666666668
377,0.12
378,0.09666666666666668
379,0.08733333333333333
380,0.085
381,0.08766666666666667
382,0.10166666666666667
383,0.08566666666666667
384,0.08433333333333333
385,0.08533333333333333
386,0.08133333333333333
387,0.08166666666666667
388,0.07733333333333332
389,0.079
390,0.07866666666666666
391,0.08033333333333333
392,0.08600000000000001
393,0.085
394,0.08033333333333333
395,0.08166666666666667
396,0.08266666666666667
397,0.07966666666666666
398,0.079
399,0.08600000000000001
400,0.09266666666666666
401,0.09966666666666667
402,0.09133333333333334
403,0.09433333333333334
404,0.09133333333333334
405,0.08833333333333333
406,0.08033333333333333
407,0.084
408,0.09200000000000001
409,0.09066666666666667
410,0.085
411,0.08266666666666667
412,0.08700000000000001
413,0.09299999999999999
414,0.10233333333333333
415,0.11033333333333334
416,0.11766666666666666
417,0.09633333333333333
418,0.09166666666666667
419,0.08533333333333333
420,0.08033333333333333
421,0.079
422,0.08
423,0.081
424,0.083
425,0.08666666666666667
426,0.09500000000000001
427,0.14033333333333334
428,0.15833333333333333
429,0.148
430,0.13733333333333334
431,0.15566666666666668
432,0.20166666666666666
433,0.226
434,0.2683333333333333
435,0.2763333333333333
436,0.2333333333333333
437,0.19566666666666666
438,0.16366666666666665
439,0.10966666666666668
440,0.10966666666666665
441,0.09833333333333333
442,0.09866666666666667
443,0.10733333333333334
444,0.11666666666666665
445,0.122
446,0.14400000000000002
447,0.14500000000000002
448,0.12766666666666668
449,0.107
450,0.10666666666666667
451,0.10133333333333333
452,0.10766666666666667
453,0.10866666666666668
454,0.11733333333333333
455,0.11966666666666666
456,0.131
457,0.151
458,0.16833333333333333
459,0.17600000000000002
460,0.17333333333333334
461,0.18366666666666664
462,0.24066666666666667
463,0.332
464,0.43533333333333335
465,0.5003333333333334
466,0.46900000000000003
467,0.4166666666666667
468,0.3373333333333333
469,0.45366666666666666
470,0.508
471,0.5086666666666667
472,0.47866666666666663
473,0.4096666666666667
474,0.3606666666666667
475,0.297
476,0.22066666666666668
477,0.18033333333333335
478,0.152
479,0.132
480,0.11966666666666666
481,0.11633333333333334
482,0.11733333333333333
483,0.10433333333333333
484,0.124
485,0.11366666666666668
486,0.14533333333333334
487,0.1703333333333333
488,0.18799999999999997
489,0.17700000000000002
490,0.15600000000000003
491,0.13533333333333333
492,0.11066666666666665
493,0.09666666666666668
494,0.09300000000000001
495,0.08600000000000001
496,0.079
497,0.076
498,0.075
499,0.077
500,0.077
501,0.08
502,0.08566666666666667
503,0.08600000000000001
504,0.09100000000000001
505,0.09733333333333334
506,0.09200000000000001
507,0.103
508,0.09433333333333334
509,0.09066666666666667
510,0.09200000000000001
511,0.09933333333333333
512,0.08833333333333333
513,0.09266666666666667
514,0.11099999999999999
515,0.126
516,0.132
517,0.1433333333333333
518,0.12366666666666666
519,0.12966666666666668
520,0.1386666666666667
521,0.13066666666666668
522,0.13166666666666668
523,0.12266666666666666
524,0.11966666666666666
525,0.12066666666666666
526,0.10833333333333334
527,0.10566666666666667
528,0.10366666666666667
529,0.10099999999999999
530,0.09766666666666668
531,0.09133333333333334
532,0.09433333333333334
533,0.105
534,0.09999999999999999
535,0.10466666666666667
536,0.107
537,0.10366666666666667
538,0.09799999999999999
539,0.09733333333333333
540,0.09733333333333333
541,0.10366666666666667
542,0.11233333333333334
543,0.11066666666666668
544,0.13166666666666668
545,0.11566666666666665
546,0.12366666666666666
547,0.10733333333333334
548,0.11699999999999999
549,0.12366666666666666
550,0.11166666666666668
551,0.09600000000000002
552,0.08900000000000001
553,0.09000000000000001
554,0.09533333333333333
555,0.10333333333333333
556,0.12066666666666666
557,0.14766666666666667
558,0.15
559,0.131
560,0.12733333333333333
561,0.111
562,0.13166666666666668
563,0.09133333333333334
564,0.08733333333333333
565,0.09200000000000001
566,0.09766666666666667
567,0.11233333333333334
568,0.13633333333333333
569,0.13033333333333333
570,0.11599999999999999
571,0.11533333333333333
572,0.09633333333333334
573,0.09300000000000001
574,0.09300000000000001
575,0.09466666666666668
576,0.09766666666666667
577,0.09933333333333333
578,0.10133333333333333
579,0.108
580,0.103
581,0.10933333333333334
582,0.10033333333333333
583,0.09799999999999999
584,0.09433333333333332
585,0.09699999999999999
586,0.09533333333333333
587,0.10866666666666668
588,0.125
589,0.14400000000000002
590,0.15833333333333333
591,0.18099999999999997
592,0.19133333333333333
593,0.16366666666666665
594,0.16566666666666666
595,0.14033333333333334
596,0.11633333333333333
597,0.10666666666666667
598,0.10099999999999999
599,0.09266666666666667
600,0.09633333333333333
601,0.09499999999999999
602,0.10166666666666667
603,0.105
604,0.12033333333333333
605,0.13066666666666668
606,0.17999999999999997
607,0.2353333333333333
608,0.2833333333333333
609,0.35400000000000004
610,0.4266666666666667
611,0.49266666666666664
612,0.5616666666666666
613,0.604
614,0.5406666666666666
615,0.5016666666666666
616,0.4426666666666667
617,0.3586666666666667
618,0.3136666666666667
619,0.24333333333333332
620,0.19733333333333333
621,0.15133333333333335
622,0.132
623,0.12333333333333334
624,0.1386666666666667
625,0.15366666666666665
626,0.16
627,0.16833333333333333
628,0.18333333333333335
629,0.15666666666666665
630,0.13233333333333333
631,0.123
632,0.122
633,0.11833333333333333
634,0.11933333333333333
635,0.106
636,0.102
637,0.10033333333333333
638,0.10099999999999999
639,0.10933333333333334
640,0.118
641,0.12033333333333333
642,0.12666666666666668
643,0.13433333333333333
644,0.14100000000000001
645,0.158
646,0.154
647,0.13566666666666669
648,0.12866666666666668
649,0.12733333333333333
650,0.11333333333333333
651,0.11766666666666666
652,0.10666666666666667
653,0.10266666666666667
654,0.10033333333333333
655,0.09500000000000001
656,0.09233333333333334
657,0.09666666666666668
658,0.09500000000000001
659,0.09733333333333334
660,0.10633333333333334
661,0.11599999999999999
662,0.128
663,0.15666666666666665
664,0.20733333333333334
665,0.26066666666666666
666,0.36033333333333334
667,0.4736666666666667
668,0.5870000000000001
669,0.731
670,0.8343333333333334
671,0.952
672,1.1103333333333334
673,1.2663333333333333
674,0.8546666666666667
675,0.6196666666666667
676,0.4146666666666667
677,0.25466666666666665
678,0.19933333333333333
679,0.152
680,0.124
681,0.121
682,0.107
683,0.10766666666666667
684,0.107
685,0.109
686,0.12066666666666666
687,0.12466666666666666
688,0.14300000000000002
689,0.158
690,0.1496666666666667
691,0.14700000000000002
692,0.16466666666666666
693,0.16033333333333336
694,0.162
695,0.13933333333333334
696,0.14033333333333334
697,0.1406666666666667
698,0.13833333333333334
699,0.13033333333333333
700,0.119
701,0.11866666666666666
702,0.11433333333333333
703,0.11666666666666665
704,0.12433333333333334
705,0.12466666666666666
706,0.11566666666666665
707,0.123
708,0.11299999999999999
709,0.11766666666666666
710,0.119
711,0.163
712,0.11466666666666665
713,0.09933333333333334
714,0.09400000000000001
715,0.09033333333333333
716,0.08833333333333333
717,0.08333333333333333
718,0.08
719,0.08066666666666666
720,0.08866666666666667
721,0.07966666666666666
722,0.08900000000000001
723,0.08966666666666667
724,0.09133333333333334
725,0.09266666666666667
726,0.09033333333333333
727,0.09933333333333334
728,0.09266666666666667
729,0.08466666666666667
730,0.08966666666666667
731,0.09966666666666668
732,0.121
733,0.1506666666666667
734,0.13433333333333333
735,0.14333333333333334
736,0.13466666666666668
737,0.105
738,0.10933333333333332
739,0.11933333333333333
740,0.11099999999999999
741,0.09733333333333334
742,0.104
743,0.10633333333333334
744,0.10033333333333334
745,0.10433333333333333
746,0.10100000000000002
747,0.09200000000000001
748,0.08600000000000001
749,0.09266666666666667
750,0.09000000000000001
751,0.08233333333333333
752,0.08966666666666667
753,0.09366666666666668
754,0.08533333333333333
755,0.07933333333333333
756,0.08700000000000001
757,0.08766666666666667
758,0.07833333333333332
759,0.08033333333333333
760,0.08866666666666667
761,0.083
762,0.07566666666666667
763,0.083
764,0.08700000000000001
765,0.08333333333333333
766,0.08566666666666667
767,0.09500000000000001
768,0.09900000000000002
769,0.08800000000000001
770,0.10200000000000002
771,0.128
772,0.15033333333333332
773,0.13166666666666668
774,0.147
775,0.13833333333333334
776,0.12266666666666666
777,0.11866666666666666
778,0.13733333333333334
779,0.14933333333333332
780,0.15233333333333332
781,0.18033333333333335
782,0.17066666666666666
783,0.171
784,0.16066666666666665
785,0.14333333333333334
786,0.168
787,0.1703333333333333
788,0.1416666666666667
789,0.14966666666666664
790,0.135
791,0.15166666666666664
792,0.15066666666666667
793,0.1416666666666667
794,0.15366666666666665
795,0.19099999999999998
796,0.266
797,0.3413333333333333
798,0.40166666666666667
799,0.3526666666666667
800,0.353
801,0.293
802,0.233
803,0.17766666666666667
804,0.15033333333333335
805,0.14600000000000002
806,0.127
807,0.123
808,0.14033333333333334
809,0.13466666666666668
810,0.12133333333333333
811,0.12933333333333333
812,0.15
813,0.14933333333333332
814,0.14800000000000002
815,0.18133333333333335
816,0.21433333333333335
817,0.2633333333333333
818,0.27266666666666667
819,0.29033333333333333
820,0.26799999999999996
821,0.20933333333333334
822,0.16833333333333333
823,0.14833333333333334
824,0.13566666666666666
825,0.11666666666666665
826,0.12466666666666666
827,0.13366666666666668
828,0.118
829,0.12433333333333334
830,0.1506666666666667
831,0.16766666666666666
832,0.19833333333333333
833,0.17800000000000002
834,0.18133333333333335
835,0.18933333333333335
836,0.16866666666666666
837,0.1446666666666667
838,0.13366666666666668
839,0.108
840,0.10733333333333334
841,0.09933333333333334
842,0.09333333333333334
843,0.09833333333333334
844,0.10000000000000002
845,0.09633333333333334
846,0.08800000000000001
847,0.09866666666666667
848,0.09800000000000002
849,0.09700000000000002
850,0.10000000000000002
851,0.08833333333333333
852,0.08666666666666667
853,0.09166666666666667
854,0.09933333333333333
855,0.10933333333333334
856,0.11
857,0.09633333333333334
858,0.09466666666666668
859,0.10566666666666667
860,0.10766666666666667
861,0.102
862,0.09900000000000002
863,0.10166666666666667
864,0.10233333333333333
865,0.10033333333333333
866,0.10166666666666668
867,0.10266666666666668
868,0.10433333333333333
869,0.104
870,0.105
871,0.10400000000000002
872,0.10566666666666667
873,0.10933333333333334
874,0.104
875,0.109
876,0.11833333333333333
877,0.154
878,0.168
879,0.17566666666666664
880,0.16266666666666665
881,0.14433333333333334
882,0.11666666666666665
883,0.11033333333333334
884,0.10933333333333334
885,0.11333333333333334
886,0.11133333333333333
887,0.11966666666666666
888,0.11366666666666665
889,0.10466666666666667
890,0.10433333333333333
891,0.10833333333333334
892,0.106
893,0.10200000000000002
894,0.104
895,0.11533333333333333
896,0.11966666666666666
897,0.11933333333333333
898,0.128
899,0.122
900,0.12833333333333333
901,0.133
902,0.1406666666666667
903,0.14233333333333334
904,0.13433333333333333
905,0.13966666666666666
906,0.149
907,0.14300000000000002
908,0.14466666666666664
909,0.16033333333333333
910,0.1476666666666667
911,0.128
912,0.1426666666666667
913,0.14866666666666664
914,0.135
915,0.12933333333333333
916,0.14433333333333334
917,0.14700000000000002
918,0.136
919,0.1376666666666667
920,0.15133333333333332
921,0.15133333333333332
922,0.13833333333333334
923,0.14666666666666664
924,0.16533333333333333
925,0.16533333333333333
926,0.16
927,0.18200000000000002
928,0.20299999999999999
929,0.20600000000000004
930,0.22599999999999998
931,0.219
932,0.19533333333333336
933,0.1426666666666667
934,0.156
935,0.13133333333333333
936,0.11433333333333334
937,0.121
938,0.11933333333333333
939,0.10966666666666668
940,0.11699999999999999
941,0.121
942,0.11499999999999999
943,0.11
944,0.11199999999999999
945,0.10966666666666668
946,0.10166666666666668
947,0.10133333333333334
948,0.10533333333333333
949,0.10133333333333333
950,0.09300000000000001
951,0.09800000000000002
952,0.09866666666666668
953,0.09400000000000001
954,0.09700000000000002
955,0.10666666666666667
956,0.09966666666666668
957,0.10633333333333332
958,0.10799999999999998
959,0.12933333333333333
960,0.12633333333333333
961,0.137
962,0.123
963,0.11533333333333333
964,0.11766666666666666
965,0.118
966,0.1376666666666667
967,0.12733333333333333
968,0.11433333333333333
969,0.13066666666666668
970,0.14633333333333334
971,0.1456666666666667
972,0.1366666666666667
973,0.15300000000000002
974,0.154
975,0.16166666666666665
976,0.143
977,0.11633333333333333
978,0.11333333333333333
979,0.11199999999999999
980,0.102
981,0.09400000000000001
982,0.09466666666666668
983,0.09733333333333334
984,0.08933333333333333
985,0.08533333333333333
986,0.09233333333333334
987,0.08633333333333333
988,0.07733333333333332
989,0.08066666666666666
990,0.08
991,0.07666666666666666
992,0.07400000000000001
993,0.077
994,0.08066666666666666
995,0.076
996,0.075
997,0.07833333333333332
998,0.078
999,0.07433333333333333
1000,0.07566666666666667
1001,0.081
1002,0.08233333333333333
1003,0.07966666666666666
1004,0.08733333333333333
1005,0.08900000000000001
1006,0.08
1007,0.08166666666666667
1008,0.08966666666666667
1009,0.084
1010,0.08
1011,0.08666666666666667
1012,0.08433333333333333
1013,0.08
1014,0.084
1015,0.08666666666666667
1016,0.081
1017,0.083
1018,0.09000000000000001
1019,0.08566666666666667
1020,0.08366666666666667
1021,0.08933333333333333
1022,0.09933333333333334
1023,0.105
1024,0.10666666666666667
1025,0.10366666666666667
1026,0.123
1027,0.11133333333333333
1028,0.11266666666666665
1029,0.11166666666666665
1030,0.09933333333333334
1031,0.09066666666666667
1032,0.11366666666666665
1033,0.11633333333333333
1034,0.11166666666666668
1035,0.09733333333333333
1036,0.09433333333333334
1037,0.09133333333333334
1038,0.09466666666666668
1039,0.08600000000000001
1040,0.08966666666666667
1041,0.09233333333333334
1042,0.09433333333333334
1043,0.09400000000000001
1044,0.09766666666666668
1045,0.10400000000000002
1046,0.09166666666666667
1047,0.08700000000000001
1048,0.08600000000000001
1049,0.08833333333333333
1050,0.08566666666666667
1051,0.09333333333333334
1052,0.09666666666666668
1053,0.09266666666666667
1054,0.09833333333333333
1055,0.10066666666666667
1056,0.11133333333333333
1057,0.11666666666666665
1058,0.124
1059,0.13166666666666668
1060,0.13
1061,0.13533333333333333
1062,0.13233333333333333
1063,0.13166666666666668
1064,0.13433333333333333
1065,0.126
1066,0.1376666666666667
1067,0.13933333333333334
1068,0.1416666666666667
1069,0.155
1070,0.17099999999999996
1071,0.19733333333333336
1072,0.23366666666666666
1073,0.2263333333333333
1074,0.19166666666666665
1075,0.161
1076,0.15533333333333332
1077,0.14200000000000002
1078,0.1426666666666667
1079,0.15533333333333332
1080,0.15733333333333333
1081,0.12966666666666668
1082,0.11933333333333333
1083,0.12533333333333332
1084,0.12933333333333333
1085,0.14233333333333334
1086,0.19099999999999998
1087,0.219
1088,0.22633333333333336
1089,0.18400000000000002
1090,0.15166666666666664
1091,0.14133333333333334
1092,0.13333333333333333
1093,0.12733333333333333
1094,0.12733333333333333
1095,0.129
1096,0.133
1097,0.13
1098,0.12533333333333332
1099,0.14966666666666664
1100,0.1486666666666667
1101,0.15333333333333332
1102,0.16
1103,0.158
1104,0.18000000000000002
1105,0.19766666666666666
1106,0.209
1107,0.18433333333333332
1108,0.16566666666666666
1109,0.17166666666666666
1110,0.17266666666666666
1111,0.17233333333333334
1112,0.19099999999999998
1113,0.19200000000000003
1114,0.17733333333333334
1115,0.19600000000000004
1116,0.19299999999999998
1117,0.171
1118,0.19333333333333336
1119,0.19233333333333333
1120,0.16133333333333333
1121,0.16966666666666663
1122,0.19200000000000003
1123,0.21833333333333335
1124,0.24833333333333332
1125,0.26833333333333337
1126,0.3116666666666667
1127,0.39466666666666667
1128,0.5166666666666667
