1,0.22333333333333336
2,0.17899999999999996
3,0.1376666666666667
4,0.14400000000000002
5,0.15166666666666664
6,0.153
7,0.18433333333333332
8,0.19333333333333336
9,0.17900000000000002
10,0.20533333333333334
11,0.21633333333333335
12,0.20099999999999998
13,0.20133333333333336
14,0.17800000000000002
15,0.138
16,0.12433333333333334
17,0.11599999999999999
18,0.10833333333333334
19,0.09833333333333334
20,0.09866666666666667
21,0.09233333333333334
22,0.08700000000000001
23,0.08766666666666667
24,0.083
25,0.07866666666666666
26,0.08233333333333333
27,0.09233333333333334
28,0.08366666666666667
29,0.084
30,0.07866666666666666
31,0.07533333333333335
32,0.08
33,0.09100000000000001
34,0.10099999999999999
35,0.09900000000000002
36,0.09733333333333334
37,0.09400000000000001
38,0.09300000000000001
39,0.09633333333333334
40,0.09200000000000001
41,0.08733333333333333
42,0.083
43,0.08066666666666666
44,0.08533333333333333
45,0.08766666666666667
46,0.08933333333333333
47,0.09933333333333333
48,0.102
49,0.10566666666666667
50,0.10466666666666667
51,0.10733333333333334
52,0.11
53,0.107
54,0.11966666666666666
55,0.12466666666666666
56,0.14433333333333334
57,0.163
58,0.2006666666666667
59,0.259
60,0.29633333333333334
61,0.31366666666666665
62,0.2876666666666667
63,0.25033333333333335
64,0.21566666666666667
65,0.17166666666666663
66,0.14900000000000002
67,0.13
68,0.11966666666666666
69,0.11166666666666668
70,0.112
71,0.10099999999999999
72,0.09700000000000002
73,0.09666666666666668
74,0.08766666666666667
75,0.10133333333333333
76,0.10566666666666667
77,0.08666666666666667
78,0.07966666666666666
79,0.07866666666666666
80,0.08066666666666666
81,0.08833333333333333
82,0.09466666666666668
83,0.10466666666666667
84,0.11399999999999999
85,0.12666666666666668
86,0.13433333333333333
87,0.12033333333333333
88,0.111
89,0.09933333333333333
90,0.09533333333333334
91,0.09466666666666668
92,0.08366666666666667
93,0.08600000000000001
94,0.08266666666666667
95,0.08766666666666667
96,0.09866666666666668
97,0.11366666666666665
98,0.106
99,0.11666666666666665
100,0.12233333333333334
101,0.12533333333333332
102,0.10666666666666667
103,0.09600000000000002
104,0.08566666666666667
105,0.08066666666666666
106,0.08433333333333333
107,0.084
108,0.09300000000000001
109,0.10066666666666668
110,0.11699999999999999
111,0.14466666666666667
112,0.14666666666666667
113,0.12233333333333334
114,0.106
115,0.10000000000000002
116,0.09000000000000001
117,0.09233333333333334
118,0.08633333333333333
119,0.09366666666666668
120,0.10133333333333334
121,0.10466666666666667
122,0.11133333333333333
123,0.10766666666666667
124,0.11466666666666665
125,0.12433333333333334
126,0.11933333333333333
127,0.11266666666666665
128,0.11499999999999999
129,0.118
130,0.12933333333333333
131,0.1376666666666667
132,0.15766666666666665
133,0.18400000000000002
134,0.2213333333333333
135,0.2743333333333333
136,0.31333333333333335
137,0.2876666666666667
138,0.2683333333333333
139,0.223
140,0.18233333333333335
141,0.16666666666666666
142,0.14966666666666667
143,0.154
144,0.14633333333333334
145,0.12233333333333334
146,0.119
147,0.108
148,0.11133333333333333
149,0.128
150,0.12866666666666668
151,0.122
152,0.11766666666666666
153,0.11399999999999999
154,0.10599999999999998
155,0.10333333333333335
156,0.09733333333333334
157,0.10133333333333334
158,0.102
159,0.10766666666666667
160,0.11966666666666666
161,0.1456666666666667
162,0.14933333333333335
163,0.15333333333333335
164,0.17299999999999996
165,0.16033333333333333
166,0.16433333333333333
167,0.17166666666666666
168,0.18466666666666667
169,0.19266666666666668
170,0.19066666666666668
171,0.19899999999999998
172,0.18499999999999997
173,0.15933333333333333
174,0.132
175,0.13233333333333333
176,0.11433333333333333
177,0.09999999999999999
178,0.09033333333333333
179,0.08333333333333333
180,0.07833333333333332
181,0.075
182,0.076
183,0.07933333333333333
184,0.09133333333333334
185,0.10633333333333334
186,0.12633333333333333
187,0.10433333333333333
188,0.08766666666666667
189,0.07966666666666666
190,0.07633333333333332
191,0.077
192,0.07766666666666666
193,0.08266666666666667
194,0.08633333333333333
195,0.09633333333333334
196,0.11033333333333334
197,0.126
198,0.13333333333333333
199,0.1576666666666667
200,0.16133333333333333
201,0.18400000000000002
202,0.19099999999999998
203,0.17200000000000001
204,0.15366666666666665
205,0.14033333333333334
206,0.14966666666666664
207,0.1376666666666667
208,0.112
209,0.10866666666666668
210,0.09233333333333334
211,0.078
212,0.07966666666666666
213,0.08233333333333333
214,0.08933333333333333
215,0.09833333333333334
216,0.09000000000000001
217,0.08666666666666667
218,0.09033333333333333
219,0.08800000000000001
220,0.09066666666666667
221,0.09033333333333333
222,0.09366666666666668
223,0.08766666666666667
224,0.09466666666666668
225,0.09266666666666667
226,0.08733333333333333
227,0.09000000000000001
228,0.09000000000000001
229,0.09633333333333334
230,0.10333333333333333
231,0.11366666666666668
232,0.12533333333333332
233,0.14333333333333334
234,0.16266666666666665
235,0.19699999999999998
236,0.2383333333333333
237,0.29433333333333334
238,0.3273333333333333
239,0.39266666666666666
240,0.4033333333333333
241,0.37233333333333335
242,0.34299999999999997
243,0.28800000000000003
244,0.247
245,0.19600000000000004
246,0.16133333333333333
247,0.15333333333333332
248,0.14933333333333332
249,0.14333333333333334
250,0.13
251,0.11733333333333333
252,0.11233333333333334
253,0.09966666666666668
254,0.09633333333333334
255,0.08766666666666667
256,0.08966666666666667
257,0.08566666666666667
258,0.08233333333333333
259,0.08966666666666667
260,0.09000000000000001
261,0.08266666666666667
262,0.08466666666666667
263,0.08133333333333333
264,0.07966666666666666
265,0.08066666666666666
266,0.08433333333333333
267,0.08566666666666667
268,0.09733333333333334
269,0.109
270,0.108
271,0.09699999999999999
272,0.09500000000000001
273,0.08700000000000001
274,0.09600000000000002
275,0.08933333333333333
276,0.08266666666666667
277,0.08266666666666667
278,0.07966666666666666
279,0.08466666666666667
280,0.09400000000000001
281,0.09266666666666667
282,0.09433333333333334
283,0.09199999999999998
284,0.08733333333333333
285,0.082
286,0.08433333333333333
287,0.08633333333333333
288,0.08566666666666667
289,0.08533333333333333
290,0.09466666666666668
291,0.09900000000000002
292,0.10366666666666668
293,0.106
294,0.10099999999999999
295,0.11599999999999999
296,0.10366666666666667
297,0.106
298,0.09633333333333334
299,0.09100000000000001
300,0.07933333333333333
301,0.07866666666666666
302,0.08466666666666667
303,0.09233333333333332
304,0.09466666666666668
305,0.08633333333333333
306,0.08533333333333333
307,0.103
308,0.10466666666666667
309,0.10833333333333334
310,0.09933333333333333
311,0.11066666666666665
312,0.10566666666666667
313,0.10166666666666667
314,0.09100000000000001
315,0.085
316,0.079
317,0.082
318,0.08533333333333333
319,0.09000000000000001
320,0.09233333333333334
321,0.10666666666666667
322,0.10466666666666667
323,0.09533333333333334
324,0.08666666666666667
325,0.09999999999999999
326,0.09233333333333334
327,0.10266666666666667
328,0.103
329,0.09500000000000001
330,0.08366666666666667
331,0.09100000000000001
332,0.09700000000000002
333,0.11699999999999999
334,0.10433333333333333
335,0.08166666666666667
336,0.07433333333333335
337,0.07466666666666667
338,0.07400000000000001
339,0.08066666666666666
340,0.079
341,0.07433333333333335
342,0.07566666666666666
343,0.075
344,0.08033333333333333
345,0.079
346,0.07833333333333332
347,0.09566666666666668
348,0.08
349,0.07833333333333332
350,0.081
351,0.08566666666666667
352,0.08933333333333333
353,0.083
354,0.08966666666666667
355,0.09133333333333334
356,0.08333333333333333
357,0.08466666666666667
358,0.09433333333333334
359,0.09833333333333334
360,0.09866666666666668
361,0.08433333333333333
362,0.074
363,0.07266666666666667
364,0.082
365,0.07566666666666667
366,0.081
367,0.07766666666666666
368,0.08466666666666667
369,0.09533333333333334
370,0.08933333333333333
371,0.09399999999999999
372,0.09899999999999999
373,0.09700000000000002
374,0.09466666666666668
375,0.09233333333333334
376,0.102
377,0.10266666666666667
378,0.08066666666666666
379,0.073
380,0.07100000000000001
381,0.07433333333333335
382,0.08733333333333333
383,0.07433333333333332
384,0.07166666666666667
385,0.07233333333333332
386,0.06766666666666667
387,0.06966666666666667
388,0.064
389,0.065
390,0.067
391,0.06666666666666667
392,0.07233333333333332
393,0.07433333333333332
394,0.07066666666666667
395,0.07133333333333335
396,0.075
397,0.07266666666666666
398,0.07200000000000001
399,0.08133333333333333
400,0.08566666666666667
401,0.09433333333333334
402,0.082
403,0.08333333333333333
404,0.077
405,0.07433333333333335
406,0.07100000000000001
407,0.07500000000000001
408,0.078
409,0.076
410,0.07233333333333335
411,0.07133333333333335
412,0.075
413,0.08166666666666667
414,0.08966666666666667
415,0.09733333333333333
416,0.102
417,0.08533333333333333
418,0.07866666666666666
419,0.07533333333333332
420,0.07133333333333335
421,0.066
422,0.06833333333333334
423,0.06933333333333334
424,0.07033333333333334
425,0.07566666666666666
426,0.08
427,0.106
428,0.12233333333333334
429,0.11633333333333333
430,0.109
431,0.12266666666666666
432,0.15033333333333335
433,0.166
434,0.18766666666666665
435,0.18166666666666667
436,0.15466666666666667
437,0.13566666666666669
438,0.12466666666666666
439,0.08966666666666667
440,0.08633333333333333
441,0.082
442,0.08166666666666667
443,0.08600000000000001
444,0.09266666666666666
445,0.09733333333333333
446,0.11433333333333333
447,0.11166666666666668
448,0.10133333333333333
449,0.08800000000000001
450,0.08566666666666667
451,0.08266666666666667
452,0.08600000000000001
453,0.084
454,0.08666666666666667
455,0.09166666666666666
456,0.10066666666666667
457,0.11433333333333333
458,0.12966666666666668
459,0.138
460,0.136
461,0.14433333333333334
462,0.18866666666666665
463,0.24633333333333332
464,0.3216666666666667
465,0.379
466,0.35366666666666663
467,0.31066666666666665
468,0.2583333333333333
469,0.353
470,0.38433333333333336
471,0.37599999999999995
472,0.3406666666666667
473,0.29966666666666664
474,0.2823333333333333
475,0.228
476,0.17400000000000002
477,0.1416666666666667
478,0.11966666666666666
479,0.10133333333333333
480,0.09433333333333332
481,0.09199999999999998
482,0.09366666666666668
483,0.085
484,0.09700000000000002
485,0.09466666666666666
486,0.12033333333333333
487,0.1366666666666667
488,0.14933333333333335
489,0.14100000000000001
490,0.131
491,0.11399999999999999
492,0.09866666666666667
493,0.08333333333333333
494,0.08033333333333333
495,0.07233333333333335
496,0.06766666666666667
497,0.065
498,0.065
499,0.06633333333333334
500,0.06466666666666666
501,0.072
502,0.076
503,0.07633333333333332
504,0.079
505,0.08166666666666667
506,0.08333333333333333
507,0.09433333333333334
508,0.08366666666666667
509,0.07866666666666666
510,0.07666666666666666
511,0.08366666666666667
512,0.074
513,0.07633333333333332
514,0.09066666666666667
515,0.102
516,0.10966666666666668
517,0.11233333333333334
518,0.09400000000000001
519,0.09466666666666666
520,0.10466666666666667
521,0.105
522,0.10766666666666667
523,0.10033333333333333
524,0.102
525,0.09799999999999999
526,0.08566666666666667
527,0.08533333333333333
528,0.08366666666666667
529,0.08166666666666667
530,0.079
531,0.07433333333333332
532,0.07833333333333332
533,0.08933333333333333
534,0.08533333333333333
535,0.09166666666666667
536,0.09500000000000001
537,0.08733333333333333
538,0.081
539,0.08066666666666666
540,0.07966666666666666
541,0.08366666666666667
542,0.09200000000000001
543,0.09300000000000001
544,0.11966666666666666
545,0.10166666666666667
546,0.11066666666666668
547,0.09533333333333334
548,0.10266666666666667
549,0.11233333333333333
550,0.09799999999999999
551,0.08233333333333333
552,0.075
553,0.07066666666666667
554,0.07566666666666666
555,0.08233333333333333
556,0.09833333333333333
557,0.118
558,0.12033333333333333
559,0.10699999999999998
560,0.10366666666666667
561,0.08866666666666667
562,0.09966666666666667
563,0.077
564,0.073
565,0.077
566,0.079
567,0.09033333333333333
568,0.11
569,0.104
570,0.09166666666666667
571,0.09233333333333334
572,0.07933333333333333
573,0.07733333333333332
574,0.07666666666666666
575,0.07933333333333333
576,0.08
577,0.07933333333333333
578,0.08066666666666666
579,0.08600000000000001
580,0.08733333333333333
581,0.09366666666666668
582,0.083
583,0.07966666666666666
584,0.076
585,0.077
586,0.08033333333333333
587,0.08966666666666667
588,0.10233333333333333
589,0.11399999999999999
590,0.119
591,0.1386666666666667
592,0.14700000000000002
593,0.12266666666666666
594,0.12733333333333333
595,0.10833333333333334
596,0.09166666666666667
597,0.08666666666666667
598,0.07966666666666666
599,0.07566666666666666
600,0.07933333333333333
601,0.08166666666666667
602,0.08633333333333333
603,0.08900000000000001
604,0.09699999999999999
605,0.10366666666666667
606,0.13433333333333333
607,0.17
608,0.20366666666666666
609,0.24866666666666667
610,0.293
611,0.3453333333333333
612,0.389
613,0.42733333333333334
614,0.3826666666666667
615,0.35833333333333334
616,0.30333333333333334
617,0.24633333333333332
618,0.20233333333333334
619,0.167
620,0.14400000000000002
621,0.11433333333333333
622,0.102
623,0.09799999999999999
624,0.10733333333333334
625,0.11733333333333333
626,0.12566666666666668
627,0.13366666666666668
628,0.14633333333333334
629,0.11699999999999999
630,0.103
631,0.09900000000000002
632,0.09899999999999999
633,0.09866666666666668
634,0.10566666666666667
635,0.09533333333333333
636,0.08866666666666667
637,0.08133333333333333
638,0.08133333333333333
639,0.08833333333333333
640,0.09666666666666668
641,0.10100000000000002
642,0.10766666666666667
643,0.11633333333333333
644,0.119
645,0.13333333333333333
646,0.13266666666666668
647,0.118
648,0.11566666666666665
649,0.11266666666666665
650,0.09799999999999999
651,0.09999999999999999
652,0.08833333333333333
653,0.08733333333333333
654,0.08666666666666667
655,0.08366666666666667
656,0.082
657,0.083
658,0.08033333333333333
659,0.08133333333333333
660,0.08966666666666667
661,0.09999999999999999
662,0.109
663,0.128
664,0.16433333333333333
665,0.18499999999999997
666,0.24833333333333332
667,0.308
668,0.363
669,0.4263333333333333
670,0.44733333333333336
671,0.5
672,0.5926666666666667
673,0.7046666666666667
674,0.6106666666666667
675,0.4456666666666667
676,0.293
677,0.20766666666666667
678,0.162
679,0.12566666666666668
680,0.10266666666666667
681,0.10066666666666667
682,0.08966666666666667
683,0.09400000000000001
684,0.09600000000000002
685,0.09466666666666666
686,0.10566666666666667
687,0.10233333333333333
688,0.11966666666666666
689,0.13366666666666668
690,0.125
691,0.12166666666666666
692,0.1376666666666667
693,0.124
694,0.133
695,0.10866666666666668
696,0.10766666666666667
697,0.10666666666666667
698,0.11133333333333334
699,0.11033333333333334
700,0.10033333333333333
701,0.10066666666666667
702,0.09566666666666666
703,0.09433333333333334
704,0.10033333333333333
705,0.10099999999999999
706,0.09833333333333334
707,0.10099999999999999
708,0.09433333333333334
709,0.09900000000000002
710,0.10666666666666667
711,0.13466666666666668
712,0.09800000000000002
713,0.08800000000000001
714,0.082
715,0.07666666666666666
716,0.07666666666666666
717,0.07166666666666666
718,0.07133333333333333
719,0.07533333333333332
720,0.07766666666666666
721,0.07200000000000001
722,0.08366666666666667
723,0.083
724,0.08033333333333333
725,0.08033333333333333
726,0.078
727,0.08333333333333333
728,0.08066666666666666
729,0.07333333333333332
730,0.073
731,0.08133333333333333
732,0.103
733,0.11299999999999999
734,0.102
735,0.109
736,0.10200000000000002
737,0.081
738,0.08633333333333333
739,0.09500000000000001
740,0.08800000000000001
741,0.08066666666666666
742,0.08866666666666667
743,0.09266666666666667
744,0.08600000000000001
745,0.08733333333333333
746,0.08800000000000001
747,0.08233333333333333
748,0.07666666666666666
749,0.08
750,0.07866666666666666
751,0.073
752,0.079
753,0.08166666666666667
754,0.076
755,0.073
756,0.08033333333333333
757,0.08133333333333333
758,0.072
759,0.07433333333333333
760,0.08433333333333333
761,0.07866666666666666
762,0.07133333333333333
763,0.07466666666666667
764,0.07633333333333334
765,0.07033333333333333
766,0.07366666666666666
767,0.07966666666666666
768,0.07933333333333333
769,0.07466666666666666
770,0.085
771,0.10033333333333334
772,0.10866666666666668
773,0.10333333333333333
774,0.12066666666666666
775,0.11433333333333333
776,0.10000000000000002
777,0.09866666666666668
778,0.11433333333333333
779,0.122
780,0.119
781,0.1366666666666667
782,0.129
783,0.129
784,0.12
785,0.11366666666666668
786,0.13433333333333333
787,0.13433333333333333
788,0.11566666666666665
789,0.12133333333333333
790,0.10933333333333334
791,0.13
792,0.12433333333333334
793,0.11499999999999999
794,0.12666666666666668
795,0.15300000000000002
796,0.20333333333333334
797,0.261
798,0.305
799,0.283
800,0.29233333333333333
801,0.23033333333333336
802,0.18866666666666665
803,0.1456666666666667
804,0.12833333333333333
805,0.12166666666666666
806,0.10766666666666667
807,0.10366666666666667
808,0.11333333333333333
809,0.11
810,0.10466666666666667
811,0.108
812,0.12233333333333334
813,0.119
814,0.12
815,0.1456666666666667
816,0.15766666666666665
817,0.18933333333333335
818,0.19199999999999998
819,0.19500000000000003
820,0.18300000000000002
821,0.149
822,0.12166666666666666
823,0.11433333333333333
824,0.10933333333333332
825,0.09333333333333334
826,0.10433333333333333
827,0.10966666666666668
828,0.09500000000000001
829,0.09999999999999999
830,0.11766666666666666
831,0.13633333333333333
832,0.15366666666666665
833,0.134
834,0.12833333333333333
835,0.14233333333333334
836,0.12866666666666668
837,0.11433333333333333
838,0.10566666666666667
839,0.09000000000000001
840,0.09033333333333333
841,0.08333333333333333
842,0.077
843,0.08033333333333333
844,0.084
845,0.08366666666666667
846,0.077
847,0.08433333333333333
848,0.07866666666666666
849,0.077
850,0.08233333333333333
851,0.07433333333333332
852,0.07333333333333332
853,0.08033333333333333
854,0.09100000000000001
855,0.09166666666666667
856,0.09200000000000001
857,0.081
858,0.08066666666666666
859,0.08700000000000001
860,0.08566666666666667
861,0.083
862,0.083
863,0.08600000000000001
864,0.085
865,0.08266666666666667
866,0.08466666666666667
867,0.08700000000000001
868,0.08766666666666667
869,0.085
870,0.08800000000000001
871,0.08733333333333333
872,0.08700000000000001
873,0.08633333333333333
874,0.08033333333333333
875,0.08600000000000001
876,0.08866666666666667
877,0.106
878,0.11599999999999999
879,0.12566666666666668
880,0.11733333333333333
881,0.10666666666666667
882,0.09666666666666668
883,0.09066666666666667
884,0.08733333333333333
885,0.09200000000000001
886,0.08766666666666667
887,0.09166666666666667
888,0.08933333333333333
889,0.08366666666666667
890,0.08433333333333333
891,0.09000000000000001
892,0.09000000000000001
893,0.08666666666666667
894,0.08600000000000001
895,0.09366666666666668
896,0.09800000000000002
897,0.09633333333333334
898,0.10433333333333333
899,0.09933333333333334
900,0.10799999999999998
901,0.10733333333333334
902,0.11466666666666665
903,0.11433333333333333
904,0.10733333333333334
905,0.11533333333333333
906,0.11933333333333333
907,0.11566666666666665
908,0.12066666666666666
909,0.132
910,0.11966666666666666
911,0.10633333333333334
912,0.11666666666666665
913,0.12
914,0.10866666666666668
915,0.106
916,0.11533333333333334
917,0.11933333333333333
918,0.114
919,0.11399999999999999
920,0.12866666666666668
921,0.13166666666666668
922,0.12
923,0.12666666666666668
924,0.13933333333333334
925,0.13733333333333334
926,0.13633333333333333
927,0.15533333333333332
928,0.16766666666666666
929,0.17166666666666663
930,0.18066666666666667
931,0.17499999999999996
932,0.15200000000000002
933,0.11633333333333333
934,0.122
935,0.11133333333333334
936,0.09400000000000001
937,0.09966666666666668
938,0.09966666666666668
939,0.09033333333333333
940,0.09366666666666668
941,0.09833333333333333
942,0.09566666666666668
943,0.09066666666666667
944,0.09233333333333334
945,0.09433333333333334
946,0.08666666666666667
947,0.08433333333333333
948,0.08633333333333333
949,0.08533333333333333
950,0.075
951,0.078
952,0.08033333333333333
953,0.078
954,0.07733333333333332
955,0.08466666666666667
956,0.07966666666666666
957,0.08066666666666666
958,0.083
959,0.10066666666666668
960,0.09433333333333334
961,0.10166666666666668
962,0.09066666666666667
963,0.08566666666666667
964,0.08766666666666667
965,0.08766666666666667
966,0.09799999999999999
967,0.09133333333333334
968,0.08666666666666667
969,0.09600000000000002
970,0.10566666666666667
971,0.108
972,0.10200000000000002
973,0.11599999999999999
974,0.119
975,0.123
976,0.109
977,0.09033333333333333
978,0.09233333333333334
979,0.09133333333333334
980,0.08233333333333333
981,0.07433333333333333
982,0.07633333333333334
983,0.07633333333333332
984,0.06966666666666667
985,0.06866666666666667
986,0.07233333333333333
987,0.07066666666666667
988,0.06766666666666667
989,0.06866666666666667
990,0.07166666666666667
991,0.07033333333333333
992,0.06533333333333334
993,0.06666666666666667
994,0.07066666666666667
995,0.068
996,0.06433333333333334
997,0.068
998,0.07266666666666667
999,0.069
1000,0.06833333333333334
1001,0.07566666666666666
1002,0.07666666666666666
1003,0.073
1004,0.07833333333333332
1005,0.081
1006,0.07133333333333335
1007,0.07166666666666667
1008,0.077
1009,0.073
1010,0.06933333333333334
1011,0.07666666666666667
1012,0.07566666666666667
1013,0.07033333333333333
1014,0.07366666666666667
1015,0.07566666666666667
1016,0.072
1017,0.06933333333333334
1018,0.07266666666666667
1019,0.07066666666666667
1020,0.06866666666666667
1021,0.07100000000000001
1022,0.076
1023,0.08166666666666667
1024,0.08333333333333333
1025,0.08066666666666666
1026,0.09900000000000002
1027,0.08466666666666667
1028,0.08666666666666667
1029,0.09066666666666667
1030,0.08
1031,0.07833333333333332
1032,0.09500000000000001
1033,0.09433333333333334
1034,0.09266666666666667
1035,0.082
1036,0.07866666666666666
1037,0.07766666666666666
1038,0.08
1039,0.073
1040,0.07833333333333332
1041,0.081
1042,0.08133333333333333
1043,0.08466666666666667
1044,0.085
1045,0.08700000000000001
1046,0.08
1047,0.07966666666666666
1048,0.07666666666666666
1049,0.079
1050,0.078
1051,0.08033333333333333
1052,0.08566666666666667
1053,0.081
1054,0.08133333333333333
1055,0.08066666666666666
1056,0.08866666666666667
1057,0.09300000000000001
1058,0.10033333333333334
1059,0.10766666666666667
1060,0.109
1061,0.11099999999999999
1062,0.10899999999999999
1063,0.10833333333333334
1064,0.11033333333333334
1065,0.10433333333333333
1066,0.11333333333333333
1067,0.118
1068,0.119
1069,0.12866666666666668
1070,0.143
1071,0.16433333333333333
1072,0.20133333333333334
1073,0.18433333333333332
1074,0.15266666666666664
1075,0.132
1076,0.12733333333333333
1077,0.11466666666666665
1078,0.11833333333333333
1079,0.12866666666666668
1080,0.12466666666666666
1081,0.10766666666666667
1082,0.10066666666666667
1083,0.106
1084,0.10833333333333334
1085,0.11733333333333333
1086,0.14600000000000002
1087,0.17633333333333331
1088,0.19133333333333336
1089,0.15133333333333332
1090,0.12633333333333333
1091,0.11966666666666666
1092,0.11
1093,0.105
1094,0.10366666666666667
1095,0.10133333333333334
1096,0.10100000000000002
1097,0.104
1098,0.10266666666666667
1099,0.119
1100,0.123
1101,0.12833333333333333
1102,0.135
1103,0.132
1104,0.14700000000000002
1105,0.16066666666666665
1106,0.16133333333333333
1107,0.14200000000000002
1108,0.13233333333333333
1109,0.13833333333333334
1110,0.1406666666666667
1111,0.138
1112,0.15033333333333332
1113,0.15266666666666664
1114,0.14100000000000001
1115,0.15533333333333332
1116,0.14733333333333332
1117,0.132
1118,0.15566666666666665
1119,0.15866666666666665
1120,0.136
1121,0.14200000000000002
1122,0.157
1123,0.1683333333333333
1124,0.18400000000000002
1125,0.18200000000000002
1126,0.20633333333333334
1127,0.25833333333333336
1128,0.3586666666666667
