1,0.2896666666666667
2,0.22466666666666665
3,0.16233333333333333
4,0.16666666666666666
5,0.17933333333333334
6,0.18366666666666667
7,0.22266666666666665
8,0.23099999999999998
9,0.21733333333333335
10,0.24566666666666667
11,0.25333333333333335
12,0.23199999999999998
13,0.2263333333333333
14,0.19333333333333336
15,0.162
16,0.1436666666666667
17,0.13266666666666668
18,0.12166666666666666
19,0.112
20,0.11
21,0.10333333333333333
22,0.10100000000000002
23,0.09900000000000002
24,0.09566666666666668
25,0.09000000000000001
26,0.09233333333333334
27,0.10433333333333333
28,0.09166666666666667
29,0.09400000000000001
30,0.09133333333333334
31,0.09000000000000001
32,0.09600000000000002
33,0.10599999999999998
34,0.11399999999999999
35,0.11299999999999999
36,0.10866666666666665
37,0.10300000000000002
38,0.10133333333333334
39,0.104
40,0.10266666666666668
41,0.09566666666666668
42,0.08900000000000001
43,0.08800000000000001
44,0.09233333333333334
45,0.09466666666666668
46,0.09700000000000002
47,0.10633333333333334
48,0.113
49,0.12266666666666666
50,0.118
51,0.12233333333333334
52,0.126
53,0.12433333333333334
54,0.144
55,0.149
56,0.16933333333333334
57,0.19633333333333333
58,0.2383333333333333
59,0.301
60,0.35366666666666663
61,0.3913333333333333
62,0.35700000000000004
63,0.305
64,0.25266666666666665
65,0.209
66,0.17700000000000002
67,0.15133333333333332
68,0.136
69,0.12533333333333332
70,0.12866666666666668
71,0.11533333333333334
72,0.11366666666666668
73,0.10833333333333334
74,0.09600000000000002
75,0.10666666666666667
76,0.11333333333333333
77,0.09433333333333334
78,0.09033333333333333
79,0.08766666666666667
80,0.09033333333333333
81,0.10100000000000002
82,0.11133333333333334
83,0.12133333333333333
84,0.13066666666666668
85,0.14566666666666664
86,0.156
87,0.13366666666666668
88,0.12733333333333333
89,0.11533333333333333
90,0.11266666666666668
91,0.10633333333333334
92,0.09566666666666668
93,0.09566666666666668
94,0.09200000000000001
95,0.09966666666666668
96,0.11633333333333333
97,0.138
98,0.12666666666666668
99,0.14300000000000002
100,0.149
101,0.15833333333333333
102,0.132
103,0.11233333333333333
104,0.09900000000000002
105,0.09033333333333333
106,0.09500000000000001
107,0.09466666666666668
108,0.10766666666666667
109,0.12166666666666666
110,0.147
111,0.18033333333333335
112,0.17666666666666667
113,0.14733333333333334
114,0.123
115,0.11199999999999999
116,0.10133333333333333
117,0.10333333333333333
118,0.09766666666666668
119,0.106
120,0.11433333333333333
121,0.118
122,0.12733333333333333
123,0.12433333333333334
124,0.13466666666666668
125,0.147
126,0.13899999999999998
127,0.12733333333333333
128,0.13333333333333333
129,0.137
130,0.15833333333333333
131,0.165
132,0.19166666666666665
133,0.2253333333333333
134,0.27366666666666667
135,0.34933333333333333
136,0.39033333333333337
137,0.3646666666666667
138,0.33066666666666666
139,0.2723333333333333
140,0.2193333333333333
141,0.20299999999999999
142,0.18400000000000002
143,0.18466666666666667
144,0.17366666666666666
145,0.14666666666666667
146,0.13599999999999998
147,0.124
148,0.12933333333333333
149,0.14633333333333334
150,0.14366666666666666
151,0.13499999999999998
152,0.13366666666666666
153,0.12666666666666668
154,0.11666666666666665
155,0.11833333333333333
156,0.11433333333333333
157,0.11633333333333333
158,0.12066666666666666
159,0.12966666666666668
160,0.1416666666666667
161,0.16933333333333334
162,0.17733333333333334
163,0.18499999999999997
164,0.212
165,0.19866666666666666
166,0.20833333333333334
167,0.22266666666666665
168,0.22799999999999998
169,0.238
170,0.23199999999999998
171,0.23866666666666667
172,0.221
173,0.18166666666666667
174,0.15
175,0.15333333333333332
176,0.132
177,0.11666666666666665
178,0.10433333333333333
179,0.09266666666666667
180,0.08566666666666667
181,0.081
182,0.08266666666666667
183,0.09100000000000001
184,0.104
185,0.123
186,0.14733333333333334
187,0.11833333333333333
188,0.09833333333333334
189,0.08766666666666667
190,0.085
191,0.08233333333333333
192,0.08133333333333333
193,0.09000000000000001
194,0.09899999999999999
195,0.113
196,0.12733333333333333
197,0.14533333333333331
198,0.152
199,0.19166666666666665
200,0.20099999999999998
201,0.22933333333333336
202,0.22766666666666668
203,0.20266666666666666
204,0.17533333333333334
205,0.16533333333333333
206,0.17766666666666664
207,0.15300000000000002
208,0.12666666666666668
209,0.12466666666666666
210,0.107
211,0.09000000000000001
212,0.09133333333333334
213,0.09266666666666667
214,0.10033333333333334
215,0.11366666666666665
216,0.10166666666666667
217,0.09733333333333334
218,0.10433333333333333
219,0.10466666666666667
220,0.10666666666666667
221,0.10366666666666667
222,0.10466666666666667
223,0.09800000000000002
224,0.105
225,0.103
226,0.09900000000000002
227,0.10366666666666667
228,0.10266666666666667
229,0.10866666666666668
230,0.12033333333333333
231,0.132
232,0.14666666666666667
233,0.17233333333333334
234,0.20066666666666666
235,0.24666666666666667
236,0.31133333333333335
237,0.38033333333333336
238,0.4483333333333334
239,0.56
240,0.5946666666666668
241,0.5433333333333333
242,0.46900000000000003
243,0.3833333333333333
244,0.314
245,0.23766666666666666
246,0.19333333333333336
247,0.18433333333333332
248,0.16966666666666666
249,0.164
250,0.15166666666666664
251,0.136
252,0.12766666666666668
253,0.11066666666666668
254,0.108
255,0.10099999999999999
256,0.09966666666666668
257,0.09533333333333334
258,0.09066666666666667
259,0.09733333333333334
260,0.09833333333333334
261,0.09266666666666667
262,0.09300000000000001
263,0.09433333333333334
264,0.09100000000000001
265,0.09300000000000001
266,0.09700000000000002
267,0.09866666666666668
268,0.11166666666666665
269,0.124
270,0.12766666666666668
271,0.11466666666666665
272,0.10766666666666667
273,0.09766666666666668
274,0.107
275,0.10233333333333333
276,0.09466666666666668
277,0.09500000000000001
278,0.09300000000000001
279,0.09400000000000001
280,0.10366666666666668
281,0.10866666666666668
282,0.10933333333333334
283,0.107
284,0.106
285,0.09600000000000002
286,0.09700000000000002
287,0.10066666666666667
288,0.09633333333333334
289,0.09366666666666668
290,0.10366666666666667
291,0.10966666666666665
292,0.11199999999999999
293,0.11599999999999999
294,0.11533333333333333
295,0.13033333333333333
296,0.12166666666666666
297,0.12833333333333333
298,0.11733333333333333
299,0.107
300,0.09633333333333333
301,0.09300000000000001
302,0.09899999999999999
303,0.10466666666666667
304,0.10833333333333334
305,0.09833333333333333
306,0.09866666666666667
307,0.11966666666666666
308,0.11966666666666666
309,0.12566666666666668
310,0.114
311,0.13333333333333333
312,0.12
313,0.11499999999999999
314,0.10633333333333334
315,0.09566666666666666
316,0.08933333333333333
317,0.08966666666666667
318,0.09066666666666667
319,0.10266666666666667
320,0.10733333333333334
321,0.12933333333333333
322,0.12233333333333334
323,0.11
324,0.09800000000000002
325,0.10699999999999998
326,0.10333333333333335
327,0.11466666666666668
328,0.11499999999999999
329,0.10966666666666668
330,0.09700000000000002
331,0.10333333333333333
332,0.10733333333333334
333,0.12366666666666666
334,0.10966666666666668
335,0.08533333333333333
336,0.08333333333333333
337,0.08533333333333333
338,0.083
339,0.09533333333333334
340,0.08966666666666667
341,0.08333333333333333
342,0.08633333333333333
343,0.09433333333333334
344,0.09866666666666668
345,0.10366666666666667
346,0.09733333333333334
347,0.11866666666666666
348,0.09733333333333334
349,0.09200000000000001
350,0.09300000000000001
351,0.09733333333333334
352,0.10233333333333335
353,0.09733333333333334
354,0.105
355,0.106
356,0.09966666666666668
357,0.09999999999999999
358,0.10833333333333334
359,0.11
360,0.11699999999999999
361,0.09400000000000001
362,0.08233333333333333
363,0.08033333333333333
364,0.09033333333333333
365,0.08233333333333333
366,0.08900000000000001
367,0.083
368,0.09033333333333333
369,0.10566666666666667
370,0.09666666666666666
371,0.10433333333333333
372,0.10533333333333333
373,0.10966666666666668
374,0.10466666666666667
375,0.10566666666666667
376,0.11866666666666666
377,0.11599999999999999
378,0.09066666666666666
379,0.07966666666666668
380,0.07833333333333335
381,0.08566666666666667
382,0.09700000000000002
383,0.082
384,0.082
385,0.07966666666666666
386,0.07433333333333332
387,0.076
388,0.07066666666666667
389,0.07366666666666666
390,0.07633333333333332
391,0.07766666666666666
392,0.08233333333333333
393,0.081
394,0.07566666666666666
395,0.07433333333333332
396,0.07766666666666666
397,0.07633333333333332
398,0.07466666666666666
399,0.084
400,0.09400000000000001
401,0.10333333333333333
402,0.08933333333333333
403,0.09333333333333334
404,0.085
405,0.08033333333333333
406,0.07466666666666666
407,0.07733333333333332
408,0.083
409,0.08166666666666667
410,0.07733333333333332
411,0.074
412,0.08266666666666667
413,0.08800000000000001
414,0.09699999999999999
415,0.107
416,0.11399999999999999
417,0.09433333333333334
418,0.08733333333333333
419,0.082
420,0.07833333333333332
421,0.07600000000000001
422,0.07533333333333335
423,0.07400000000000001
424,0.07833333333333332
425,0.08366666666666667
426,0.09200000000000001
427,0.13066666666666668
428,0.14466666666666667
429,0.13466666666666668
430,0.12566666666666668
431,0.14600000000000002
432,0.18633333333333332
433,0.207
434,0.231
435,0.23399999999999999
436,0.19666666666666666
437,0.16733333333333333
438,0.146
439,0.10100000000000002
440,0.10133333333333334
441,0.08933333333333333
442,0.09033333333333333
443,0.09733333333333334
444,0.10333333333333333
445,0.10866666666666668
446,0.129
447,0.12966666666666668
448,0.11166666666666665
449,0.09600000000000002
450,0.09866666666666668
451,0.09166666666666667
452,0.09400000000000001
453,0.09333333333333334
454,0.09899999999999999
455,0.105
456,0.11733333333333333
457,0.13533333333333333
458,0.15333333333333332
459,0.16833333333333333
460,0.16866666666666666
461,0.17966666666666664
462,0.23500000000000001
463,0.30866666666666664
464,0.391
465,0.4383333333333333
466,0.4166666666666667
467,0.36966666666666664
468,0.304
469,0.39999999999999997
470,0.44566666666666666
471,0.4526666666666667
472,0.434
473,0.3746666666666667
474,0.3316666666666667
475,0.2723333333333333
476,0.208
477,0.17133333333333334
478,0.14500000000000002
479,0.122
480,0.11033333333333334
481,0.10733333333333334
482,0.10833333333333334
483,0.09933333333333334
484,0.11233333333333333
485,0.11166666666666665
486,0.147
487,0.169
488,0.18066666666666667
489,0.16933333333333334
490,0.14833333333333334
491,0.12466666666666666
492,0.106
493,0.09500000000000001
494,0.08766666666666667
495,0.08333333333333333
496,0.075
497,0.07133333333333335
498,0.07
499,0.07100000000000001
500,0.07066666666666667
501,0.07766666666666666
502,0.084
503,0.08166666666666667
504,0.08966666666666667
505,0.09133333333333334
506,0.09300000000000001
507,0.10666666666666667
508,0.09500000000000001
509,0.08900000000000001
510,0.08700000000000001
511,0.09300000000000001
512,0.08266666666666667
513,0.08533333333333333
514,0.10100000000000002
515,0.11733333333333333
516,0.126
517,0.131
518,0.10733333333333334
519,0.10833333333333334
520,0.12
521,0.11766666666666666
522,0.12333333333333334
523,0.11699999999999999
524,0.11566666666666665
525,0.11633333333333333
526,0.10133333333333333
527,0.09799999999999999
528,0.09766666666666667
529,0.09400000000000001
530,0.08966666666666667
531,0.08266666666666667
532,0.08466666666666667
533,0.09799999999999999
534,0.09433333333333332
535,0.10033333333333333
536,0.10633333333333334
537,0.09799999999999999
538,0.09200000000000001
539,0.09433333333333334
540,0.09466666666666668
541,0.10099999999999999
542,0.10933333333333334
543,0.10766666666666667
544,0.129
545,0.11233333333333333
546,0.12233333333333334
547,0.108
548,0.11433333333333333
549,0.124
550,0.108
551,0.09166666666666667
552,0.08466666666666667
553,0.08133333333333333
554,0.08833333333333333
555,0.09433333333333332
556,0.113
557,0.13833333333333334
558,0.14166666666666666
559,0.126
560,0.121
561,0.104
562,0.12466666666666666
563,0.08866666666666667
564,0.084
565,0.08866666666666667
566,0.08866666666666667
567,0.09800000000000002
568,0.12166666666666666
569,0.11766666666666666
570,0.108
571,0.10766666666666667
572,0.09366666666666668
573,0.09233333333333334
574,0.09100000000000001
575,0.08833333333333333
576,0.08933333333333333
577,0.08933333333333333
578,0.09266666666666667
579,0.09933333333333333
580,0.09799999999999999
581,0.10933333333333334
582,0.09466666666666668
583,0.09100000000000001
584,0.09133333333333334
585,0.09200000000000001
586,0.09433333333333334
587,0.10766666666666667
588,0.12033333333333333
589,0.13833333333333334
590,0.1546666666666667
591,0.17833333333333332
592,0.18266666666666667
593,0.15366666666666665
594,0.15466666666666665
595,0.13533333333333333
596,0.113
597,0.10366666666666667
598,0.09533333333333334
599,0.08866666666666667
600,0.09066666666666667
601,0.09166666666666667
602,0.09933333333333333
603,0.102
604,0.11233333333333333
605,0.12366666666666666
606,0.15966666666666665
607,0.20800000000000005
608,0.24266666666666667
609,0.3006666666666667
610,0.363
611,0.41333333333333333
612,0.4713333333333333
613,0.5033333333333334
614,0.452
615,0.433
616,0.37766666666666665
617,0.32833333333333337
618,0.2886666666666667
619,0.229
620,0.18666666666666665
621,0.14433333333333334
622,0.12533333333333332
623,0.11699999999999999
624,0.127
625,0.14133333333333334
626,0.155
627,0.16433333333333333
628,0.17633333333333334
629,0.14533333333333331
630,0.124
631,0.121
632,0.11766666666666666
633,0.11499999999999999
634,0.11599999999999999
635,0.10533333333333333
636,0.09933333333333333
637,0.09466666666666668
638,0.09833333333333334
639,0.10766666666666667
640,0.121
641,0.11733333333333333
642,0.12266666666666666
643,0.13366666666666668
644,0.13933333333333334
645,0.156
646,0.15233333333333335
647,0.133
648,0.132
649,0.12766666666666668
650,0.11033333333333334
651,0.11266666666666668
652,0.104
653,0.10000000000000002
654,0.09900000000000002
655,0.09366666666666668
656,0.09266666666666667
657,0.09366666666666668
658,0.09200000000000001
659,0.09566666666666668
660,0.103
661,0.112
662,0.123
663,0.14766666666666664
664,0.19299999999999998
665,0.227
666,0.3016666666666667
667,0.405
668,0.49333333333333335
669,0.5960000000000001
670,0.643
671,0.7403333333333334
672,0.8886666666666666
673,1.0373333333333334
674,0.7566666666666667
675,0.5616666666666666
676,0.36799999999999994
677,0.2316666666666667
678,0.18200000000000002
679,0.14300000000000002
680,0.119
681,0.11733333333333333
682,0.10666666666666667
683,0.10533333333333333
684,0.10433333333333333
685,0.106
686,0.11333333333333333
687,0.11633333333333333
688,0.135
689,0.15333333333333335
690,0.14633333333333334
691,0.1406666666666667
692,0.1566666666666667
693,0.14900000000000002
694,0.15633333333333332
695,0.12966666666666668
696,0.12733333333333333
697,0.12633333333333333
698,0.12833333333333333
699,0.123
700,0.11299999999999999
701,0.11466666666666665
702,0.11
703,0.11066666666666668
704,0.121
705,0.118
706,0.11166666666666665
707,0.11399999999999999
708,0.10766666666666667
709,0.11333333333333333
710,0.11299999999999999
711,0.156
712,0.111
713,0.10033333333333333
714,0.09433333333333334
715,0.08566666666666667
716,0.08033333333333333
717,0.076
718,0.075
719,0.07833333333333332
720,0.08600000000000001
721,0.08
722,0.09366666666666668
723,0.09566666666666668
724,0.08900000000000001
725,0.08733333333333333
726,0.08433333333333333
727,0.09300000000000001
728,0.08800000000000001
729,0.081
730,0.08366666666666667
731,0.09166666666666667
732,0.111
733,0.13533333333333333
734,0.12033333333333333
735,0.12866666666666668
736,0.118
737,0.09266666666666667
738,0.10033333333333334
739,0.10533333333333333
740,0.09766666666666668
741,0.08866666666666667
742,0.09400000000000001
743,0.09633333333333334
744,0.09166666666666667
745,0.09800000000000002
746,0.09533333333333334
747,0.08733333333333333
748,0.083
749,0.08800000000000001
750,0.08666666666666667
751,0.07833333333333332
752,0.085
753,0.08933333333333333
754,0.085
755,0.07866666666666666
756,0.08866666666666667
757,0.08800000000000001
758,0.079
759,0.08133333333333333
760,0.09000000000000001
761,0.081
762,0.07633333333333332
763,0.082
764,0.08466666666666667
765,0.07833333333333332
766,0.07966666666666666
767,0.09000000000000001
768,0.08933333333333333
769,0.07866666666666666
770,0.08933333333333333
771,0.11399999999999999
772,0.135
773,0.11766666666666666
774,0.139
775,0.13166666666666668
776,0.11633333333333333
777,0.11433333333333333
778,0.13699999999999998
779,0.148
780,0.14966666666666664
781,0.17533333333333334
782,0.16533333333333333
783,0.16766666666666666
784,0.15200000000000002
785,0.1376666666666667
786,0.16466666666666666
787,0.16
788,0.1366666666666667
789,0.13933333333333334
790,0.12466666666666666
791,0.14833333333333334
792,0.14533333333333334
793,0.1366666666666667
794,0.15200000000000002
795,0.18699999999999997
796,0.24733333333333332
797,0.316
798,0.365
799,0.326
800,0.332
801,0.2623333333333333
802,0.221
803,0.16866666666666666
804,0.1436666666666667
805,0.14
806,0.11933333333333333
807,0.11466666666666665
808,0.131
809,0.12833333333333333
810,0.11566666666666665
811,0.12333333333333334
812,0.14100000000000001
813,0.14200000000000002
814,0.14600000000000002
815,0.17499999999999996
816,0.21166666666666667
817,0.25
818,0.2536666666666667
819,0.25866666666666666
820,0.24566666666666667
821,0.19099999999999998
822,0.15266666666666664
823,0.14266666666666666
824,0.1366666666666667
825,0.11299999999999999
826,0.119
827,0.127
828,0.10866666666666668
829,0.11333333333333334
830,0.137
831,0.15866666666666665
832,0.18133333333333335
833,0.16566666666666666
834,0.16333333333333333
835,0.17133333333333334
836,0.15333333333333332
837,0.136
838,0.12866666666666668
839,0.10566666666666667
840,0.104
841,0.09833333333333334
842,0.09200000000000001
843,0.09066666666666667
844,0.09666666666666668
845,0.09633333333333334
846,0.09000000000000001
847,0.10033333333333334
848,0.09600000000000002
849,0.09266666666666667
850,0.09633333333333334
851,0.085
852,0.084
853,0.09033333333333333
854,0.09800000000000002
855,0.10366666666666667
856,0.10133333333333334
857,0.08933333333333333
858,0.09100000000000001
859,0.09866666666666668
860,0.09700000000000002
861,0.09166666666666667
862,0.09400000000000001
863,0.09666666666666668
864,0.09633333333333334
865,0.09200000000000001
866,0.09600000000000002
867,0.09766666666666668
868,0.09766666666666668
869,0.09466666666666668
870,0.09866666666666668
871,0.09766666666666668
872,0.09666666666666668
873,0.102
874,0.09599999999999999
875,0.10066666666666667
876,0.10566666666666667
877,0.12766666666666668
878,0.14033333333333334
879,0.1506666666666667
880,0.13633333333333333
881,0.124
882,0.108
883,0.10633333333333334
884,0.10433333333333333
885,0.106
886,0.10266666666666667
887,0.107
888,0.10366666666666667
889,0.09600000000000002
890,0.09733333333333334
891,0.09900000000000002
892,0.09600000000000002
893,0.09233333333333334
894,0.09400000000000001
895,0.10633333333333334
896,0.112
897,0.11366666666666668
898,0.11933333333333333
899,0.11566666666666668
900,0.12566666666666668
901,0.125
902,0.137
903,0.13833333333333334
904,0.12866666666666668
905,0.13233333333333333
906,0.14366666666666664
907,0.13933333333333334
908,0.14133333333333334
909,0.15233333333333332
910,0.14233333333333334
911,0.124
912,0.136
913,0.14100000000000001
914,0.127
915,0.12466666666666666
916,0.136
917,0.139
918,0.132
919,0.13233333333333333
920,0.14300000000000002
921,0.14233333333333334
922,0.136
923,0.14133333333333334
924,0.15366666666666665
925,0.156
926,0.15333333333333332
927,0.17333333333333334
928,0.18899999999999997
929,0.19633333333333333
930,0.218
931,0.209
932,0.18466666666666667
933,0.138
934,0.14800000000000002
935,0.131
936,0.111
937,0.118
938,0.11666666666666665
939,0.104
940,0.11
941,0.11533333333333333
942,0.10933333333333332
943,0.10100000000000002
944,0.105
945,0.10766666666666667
946,0.09800000000000002
947,0.09466666666666668
948,0.09799999999999999
949,0.09733333333333334
950,0.08833333333333333
951,0.08766666666666667
952,0.09066666666666667
953,0.08900000000000001
954,0.09166666666666667
955,0.09933333333333334
956,0.09166666666666667
957,0.09466666666666668
958,0.09700000000000002
959,0.11766666666666666
960,0.10866666666666665
961,0.11633333333333333
962,0.10466666666666667
963,0.10066666666666667
964,0.10266666666666667
965,0.10000000000000002
966,0.12
967,0.11066666666666665
968,0.09666666666666668
969,0.10699999999999998
970,0.12
971,0.12366666666666666
972,0.11333333333333334
973,0.127
974,0.12933333333333333
975,0.138
976,0.121
977,0.09966666666666668
978,0.103
979,0.106
980,0.09300000000000001
981,0.08533333333333333
982,0.08966666666666667
983,0.09166666666666667
984,0.08433333333333333
985,0.08066666666666666
986,0.08600000000000001
987,0.083
988,0.07466666666666667
989,0.07533333333333332
990,0.07933333333333333
991,0.076
992,0.07033333333333334
993,0.07300000000000001
994,0.07933333333333333
995,0.07466666666666666
996,0.07133333333333335
997,0.07766666666666666
998,0.08
999,0.07333333333333332
1000,0.07466666666666666
1001,0.08
1002,0.07966666666666666
1003,0.07466666666666667
1004,0.08266666666666667
1005,0.08533333333333333
1006,0.07766666666666666
1007,0.07966666666666666
1008,0.085
1009,0.08133333333333333
1010,0.077
1011,0.08233333333333333
1012,0.08133333333333333
1013,0.073
1014,0.077
1015,0.08033333333333333
1016,0.07633333333333332
1017,0.07500000000000001
1018,0.081
1019,0.07833333333333332
1020,0.07533333333333332
1021,0.078
1022,0.085
1023,0.09466666666666666
1024,0.09866666666666667
1025,0.10166666666666667
1026,0.11533333333333333
1027,0.10366666666666667
1028,0.10466666666666667
1029,0.10633333333333334
1030,0.09433333333333334
1031,0.08733333333333333
1032,0.11033333333333334
1033,0.11333333333333333
1034,0.108
1035,0.09400000000000001
1036,0.09100000000000001
1037,0.09033333333333333
1038,0.09166666666666667
1039,0.08233333333333333
1040,0.08666666666666667
1041,0.08733333333333333
1042,0.08700000000000001
1043,0.09300000000000001
1044,0.09633333333333334
1045,0.09800000000000002
1046,0.09100000000000001
1047,0.08566666666666667
1048,0.082
1049,0.08633333333333333
1050,0.08533333333333333
1051,0.08766666666666667
1052,0.09433333333333334
1053,0.09100000000000001
1054,0.09233333333333334
1055,0.09300000000000001
1056,0.103
1057,0.11
1058,0.11833333333333333
1059,0.125
1060,0.12666666666666668
1061,0.134
1062,0.12933333333333333
1063,0.126
1064,0.125
1065,0.119
1066,0.12866666666666668
1067,0.13033333333333333
1068,0.13633333333333333
1069,0.15466666666666665
1070,0.16733333333333333
1071,0.18766666666666665
1072,0.223
1073,0.20866666666666667
1074,0.18166666666666664
1075,0.157
1076,0.15433333333333332
1077,0.13933333333333334
1078,0.14233333333333334
1079,0.15733333333333333
1080,0.15666666666666665
1081,0.12933333333333333
1082,0.11399999999999999
1083,0.122
1084,0.126
1085,0.14033333333333334
1086,0.18233333333333332
1087,0.21533333333333335
1088,0.22033333333333335
1089,0.17966666666666664
1090,0.15133333333333332
1091,0.1426666666666667
1092,0.13133333333333333
1093,0.12566666666666668
1094,0.124
1095,0.12166666666666666
1096,0.11933333333333333
1097,0.11866666666666666
1098,0.12166666666666666
1099,0.1436666666666667
1100,0.14833333333333332
1101,0.155
1102,0.16866666666666666
1103,0.164
1104,0.18733333333333335
1105,0.20233333333333334
1106,0.20566666666666666
1107,0.18133333333333335
1108,0.166
1109,0.17266666666666666
1110,0.17
1111,0.16866666666666666
1112,0.18233333333333332
1113,0.18299999999999997
1114,0.17066666666666666
1115,0.18499999999999997
1116,0.17500000000000002
1117,0.15433333333333332
1118,0.17833333333333332
1119,0.18033333333333332
1120,0.15733333333333333
1121,0.17033333333333334
1122,0.18499999999999997
1123,0.20199999999999999
1124,0.2263333333333333
1125,0.22666666666666666
1126,0.26333333333333336
1127,0.341
1128,0.4423333333333333
