1,0.36833333333333335
2,0.2846666666666666
3,0.22599999999999998
4,0.22499999999999998
5,0.21999999999999997
6,0.21566666666666667
7,0.24733333333333332
8,0.269
9,0.25633333333333336
10,0.2916666666666667
11,0.258
12,0.2373333333333333
13,0.24
14,0.21566666666666667
15,0.17833333333333334
16,0.166
17,0.15733333333333333
18,0.147
19,0.13566666666666669
20,0.13266666666666668
21,0.123
22,0.11699999999999999
23,0.111
24,0.105
25,0.10100000000000002
26,0.09933333333333333
27,0.11399999999999999
28,0.111
29,0.11366666666666665
30,0.10133333333333333
31,0.09366666666666668
32,0.09833333333333334
33,0.10933333333333334
34,0.122
35,0.12833333333333333
36,0.12433333333333334
37,0.12366666666666666
38,0.126
39,0.12866666666666668
40,0.12866666666666668
41,0.12066666666666666
42,0.11399999999999999
43,0.107
44,0.11166666666666665
45,0.122
46,0.12533333333333332
47,0.13633333333333333
48,0.142
49,0.14866666666666667
50,0.14033333333333334
51,0.14366666666666666
52,0.14766666666666667
53,0.14433333333333334
54,0.16333333333333333
55,0.17566666666666667
56,0.19899999999999998
57,0.22699999999999998
58,0.2863333333333334
59,0.367
60,0.44966666666666666
61,0.49833333333333335
62,0.465
63,0.367
64,0.29733333333333334
65,0.239
66,0.19633333333333333
67,0.17500000000000002
68,0.162
69,0.15
70,0.15333333333333332
71,0.1396666666666667
72,0.13433333333333333
73,0.132
74,0.11533333333333333
75,0.12633333333333333
76,0.12833333333333333
77,0.10899999999999999
78,0.10666666666666665
79,0.10466666666666667
80,0.10699999999999998
81,0.11633333333333333
82,0.12733333333333333
83,0.14133333333333334
84,0.15133333333333335
85,0.17533333333333334
86,0.18233333333333335
87,0.16433333333333333
88,0.156
89,0.13899999999999998
90,0.13866666666666666
91,0.12733333333333333
92,0.118
93,0.12033333333333333
94,0.11433333333333333
95,0.12833333333333333
96,0.14633333333333332
97,0.171
98,0.16333333333333333
99,0.19166666666666665
100,0.20333333333333334
101,0.20200000000000004
102,0.17400000000000002
103,0.14533333333333334
104,0.127
105,0.11833333333333333
106,0.12066666666666666
107,0.11866666666666666
108,0.13533333333333333
109,0.14633333333333334
110,0.16966666666666666
111,0.2006666666666667
112,0.19833333333333333
113,0.17466666666666666
114,0.15166666666666667
115,0.142
116,0.13166666666666668
117,0.13866666666666666
118,0.13233333333333333
119,0.14266666666666666
120,0.151
121,0.15566666666666665
122,0.17200000000000001
123,0.16533333333333333
124,0.17900000000000002
125,0.19333333333333336
126,0.17633333333333334
127,0.16166666666666665
128,0.168
129,0.17633333333333334
130,0.19400000000000003
131,0.20166666666666666
132,0.2313333333333333
133,0.26199999999999996
134,0.3016666666666667
135,0.3653333333333333
136,0.408
137,0.37199999999999994
138,0.34833333333333333
139,0.29333333333333333
140,0.249
141,0.233
142,0.21333333333333335
143,0.22566666666666668
144,0.21
145,0.18433333333333335
146,0.17533333333333334
147,0.15933333333333333
148,0.166
149,0.19099999999999998
150,0.18500000000000003
151,0.17033333333333334
152,0.17266666666666666
153,0.171
154,0.15966666666666665
155,0.164
156,0.15333333333333335
157,0.15766666666666665
158,0.159
159,0.16566666666666666
160,0.17566666666666667
161,0.19833333333333333
162,0.19400000000000003
163,0.19466666666666668
164,0.20333333333333337
165,0.212
166,0.22333333333333336
167,0.241
168,0.26666666666666666
169,0.298
170,0.292
171,0.308
172,0.26966666666666667
173,0.22199999999999998
174,0.17933333333333334
175,0.17633333333333334
176,0.153
177,0.13266666666666668
178,0.121
179,0.10933333333333332
180,0.102
181,0.09800000000000002
182,0.10133333333333333
183,0.11733333333333333
184,0.124
185,0.1426666666666667
186,0.16033333333333333
187,0.146
188,0.12566666666666668
189,0.113
190,0.109
191,0.10433333333333333
192,0.09966666666666668
193,0.10566666666666667
194,0.11333333333333333
195,0.12566666666666668
196,0.14233333333333334
197,0.16433333333333333
198,0.17466666666666666
199,0.20599999999999996
200,0.20433333333333334
201,0.243
202,0.22766666666666668
203,0.20133333333333336
204,0.18233333333333332
205,0.18299999999999997
206,0.18099999999999997
207,0.167
208,0.14100000000000001
209,0.13433333333333333
210,0.11533333333333334
211,0.09966666666666667
212,0.10233333333333333
213,0.108
214,0.12666666666666668
215,0.148
216,0.13166666666666668
217,0.12266666666666666
218,0.129
219,0.12833333333333333
220,0.13366666666666668
221,0.13066666666666668
222,0.13433333333333333
223,0.121
224,0.12866666666666668
225,0.125
226,0.12033333333333333
227,0.125
228,0.12766666666666668
229,0.13833333333333334
230,0.15133333333333335
231,0.16566666666666666
232,0.18633333333333335
233,0.20766666666666667
234,0.24366666666666667
235,0.308
236,0.39433333333333326
237,0.49633333333333335
238,0.5489999999999999
239,0.6693333333333333
240,0.7036666666666666
241,0.681
242,0.5766666666666667
243,0.501
244,0.4123333333333334
245,0.29866666666666664
246,0.24833333333333332
247,0.22333333333333336
248,0.21
249,0.20433333333333334
250,0.18600000000000003
251,0.16233333333333333
252,0.14966666666666667
253,0.13166666666666668
254,0.12766666666666668
255,0.12066666666666666
256,0.12333333333333334
257,0.118
258,0.11166666666666665
259,0.12033333333333333
260,0.12133333333333333
261,0.11766666666666666
262,0.121
263,0.11433333333333333
264,0.11466666666666665
265,0.11233333333333333
266,0.11166666666666665
267,0.10799999999999998
268,0.118
269,0.13133333333333333
270,0.13233333333333333
271,0.11566666666666665
272,0.11699999999999999
273,0.10766666666666665
274,0.12166666666666666
275,0.12033333333333333
276,0.11266666666666665
277,0.12033333333333333
278,0.11599999999999999
279,0.12133333333333333
280,0.12933333333333333
281,0.13166666666666668
282,0.13066666666666668
283,0.13066666666666668
284,0.12766666666666668
285,0.11866666666666666
286,0.12433333333333334
287,0.12866666666666668
288,0.125
289,0.128
290,0.14533333333333334
291,0.148
292,0.14833333333333334
293,0.148
294,0.14533333333333334
295,0.15933333333333333
296,0.14466666666666664
297,0.14300000000000002
298,0.13166666666666668
299,0.12133333333333333
300,0.10999999999999999
301,0.11166666666666665
302,0.11966666666666666
303,0.12633333333333333
304,0.13233333333333333
305,0.11766666666666666
306,0.12433333333333334
307,0.13433333333333333
308,0.13133333333333333
309,0.13933333333333334
310,0.13333333333333333
311,0.15133333333333332
312,0.13833333333333334
313,0.13033333333333333
314,0.121
315,0.11933333333333333
316,0.11399999999999999
317,0.10866666666666668
318,0.11266666666666668
319,0.12433333333333334
320,0.122
321,0.1416666666666667
322,0.1396666666666667
323,0.13333333333333333
324,0.11766666666666666
325,0.13033333333333333
326,0.13466666666666668
327,0.163
328,0.16233333333333333
329,0.13133333333333333
330,0.12433333333333334
331,0.135
332,0.144
333,0.17133333333333334
334,0.16333333333333333
335,0.11966666666666666
336,0.11533333333333333
337,0.11266666666666665
338,0.109
339,0.121
340,0.11866666666666666
341,0.109
342,0.10933333333333334
343,0.10733333333333334
344,0.10966666666666668
345,0.11266666666666668
346,0.109
347,0.12266666666666666
348,0.11399999999999999
349,0.109
350,0.11166666666666668
351,0.11499999999999999
352,0.12866666666666668
353,0.137
354,0.14966666666666664
355,0.15033333333333332
356,0.14233333333333334
357,0.1476666666666667
358,0.15533333333333332
359,0.16
360,0.14966666666666664
361,0.15533333333333335
362,0.12766666666666668
363,0.12933333333333333
364,0.12633333333333333
365,0.11866666666666666
366,0.12166666666666666
367,0.10833333333333334
368,0.11233333333333334
369,0.12433333333333334
370,0.11066666666666668
371,0.119
372,0.12633333333333333
373,0.1386666666666667
374,0.126
375,0.12466666666666666
376,0.14333333333333334
377,0.138
378,0.10766666666666667
379,0.09566666666666666
380,0.09699999999999999
381,0.10566666666666667
382,0.11133333333333334
383,0.09966666666666668
384,0.10099999999999999
385,0.09833333333333334
386,0.09533333333333334
387,0.09766666666666668
388,0.09733333333333334
389,0.10133333333333334
390,0.10633333333333334
391,0.11433333333333333
392,0.121
393,0.13133333333333333
394,0.118
395,0.11199999999999999
396,0.126
397,0.124
398,0.11166666666666665
399,0.11466666666666665
400,0.126
401,0.15666666666666665
402,0.136
403,0.143
404,0.13733333333333334
405,0.12566666666666668
406,0.11466666666666665
407,0.11466666666666665
408,0.12
409,0.11466666666666665
410,0.106
411,0.10366666666666668
412,0.10666666666666667
413,0.11266666666666665
414,0.12533333333333332
415,0.134
416,0.1366666666666667
417,0.11499999999999999
418,0.10633333333333334
419,0.103
420,0.10266666666666667
421,0.10133333333333334
422,0.10266666666666667
423,0.10533333333333333
424,0.11266666666666665
425,0.12
426,0.12833333333333333
427,0.162
428,0.17666666666666667
429,0.16066666666666665
430,0.1416666666666667
431,0.16366666666666665
432,0.206
433,0.24
434,0.267
435,0.2543333333333333
436,0.21833333333333335
437,0.18733333333333335
438,0.1683333333333333
439,0.13266666666666668
440,0.13266666666666668
441,0.12033333333333333
442,0.12133333333333333
443,0.13533333333333333
444,0.14633333333333332
445,0.14866666666666664
446,0.17
447,0.16066666666666665
448,0.13733333333333334
449,0.125
450,0.12466666666666666
451,0.12333333333333334
452,0.12233333333333334
453,0.11933333333333333
454,0.121
455,0.128
456,0.148
457,0.15666666666666665
458,0.17500000000000002
459,0.19400000000000003
460,0.19999999999999998
461,0.21366666666666667
462,0.2553333333333333
463,0.317
464,0.397
465,0.4306666666666667
466,0.41566666666666663
467,0.39233333333333337
468,0.3196666666666666
469,0.41300000000000003
470,0.44799999999999995
471,0.4463333333333333
472,0.412
473,0.38266666666666665
474,0.3453333333333333
475,0.29033333333333333
476,0.2283333333333333
477,0.19733333333333336
478,0.17366666666666666
479,0.157
480,0.1406666666666667
481,0.14
482,0.14
483,0.1366666666666667
484,0.16566666666666666
485,0.14833333333333334
486,0.18166666666666667
487,0.20166666666666666
488,0.21466666666666667
489,0.209
490,0.18966666666666668
491,0.168
492,0.14666666666666664
493,0.13533333333333333
494,0.12633333333333333
495,0.11399999999999999
496,0.106
497,0.10066666666666667
498,0.09466666666666668
499,0.09500000000000001
500,0.09366666666666668
501,0.09800000000000002
502,0.10266666666666667
503,0.10366666666666667
504,0.10933333333333332
505,0.11666666666666665
506,0.12433333333333334
507,0.1386666666666667
508,0.123
509,0.11333333333333334
510,0.10966666666666668
511,0.12066666666666666
512,0.10066666666666667
513,0.10333333333333333
514,0.12766666666666668
515,0.144
516,0.14433333333333334
517,0.15833333333333333
518,0.14333333333333334
519,0.14200000000000002
520,0.15000000000000002
521,0.13833333333333334
522,0.13733333333333334
523,0.123
524,0.12466666666666666
525,0.12833333333333333
526,0.11533333333333333
527,0.11399999999999999
528,0.11299999999999999
529,0.10766666666666667
530,0.104
531,0.09866666666666667
532,0.106
533,0.12433333333333334
534,0.11666666666666665
535,0.11366666666666665
536,0.11199999999999999
537,0.10933333333333334
538,0.10433333333333333
539,0.10266666666666667
540,0.09899999999999999
541,0.10666666666666667
542,0.11733333333333333
543,0.11266666666666665
544,0.129
545,0.11499999999999999
546,0.135
547,0.11566666666666665
548,0.12666666666666668
549,0.1416666666666667
550,0.137
551,0.11166666666666668
552,0.10633333333333334
553,0.09133333333333334
554,0.08700000000000001
555,0.08966666666666667
556,0.10133333333333333
557,0.12533333333333332
558,0.11433333333333333
559,0.103
560,0.10366666666666668
561,0.09933333333333334
562,0.09566666666666668
563,0.08900000000000001
564,0.09066666666666667
565,0.10133333333333333
566,0.11
567,0.11933333333333333
568,0.1436666666666667
569,0.14700000000000002
570,0.13733333333333334
571,0.12533333333333332
572,0.10366666666666667
573,0.09766666666666667
574,0.09433333333333334
575,0.09433333333333334
576,0.10133333333333334
577,0.10566666666666667
578,0.10666666666666667
579,0.11533333333333333
580,0.11633333333333333
581,0.119
582,0.11733333333333333
583,0.10966666666666668
584,0.10433333333333333
585,0.105
586,0.10866666666666668
587,0.124
588,0.13533333333333333
589,0.15533333333333332
590,0.16733333333333333
591,0.19200000000000003
592,0.207
593,0.17833333333333332
594,0.17566666666666664
595,0.14933333333333332
596,0.12433333333333334
597,0.113
598,0.10633333333333334
599,0.102
600,0.106
601,0.10866666666666668
602,0.12233333333333334
603,0.12233333333333334
604,0.12566666666666668
605,0.13166666666666668
606,0.16533333333333333
607,0.17433333333333334
608,0.17833333333333332
609,0.2173333333333333
610,0.26666666666666666
611,0.29733333333333334
612,0.30533333333333335
613,0.3186666666666667
614,0.31433333333333335
615,0.3173333333333333
616,0.27066666666666667
617,0.23266666666666666
618,0.229
619,0.2293333333333333
620,0.2113333333333333
621,0.20866666666666667
622,0.213
623,0.2416666666666667
624,0.2833333333333334
625,0.2783333333333333
626,0.2783333333333333
627,0.25933333333333336
628,0.21966666666666668
629,0.16733333333333333
630,0.13033333333333333
631,0.121
632,0.122
633,0.12766666666666668
634,0.13133333333333333
635,0.13766666666666666
636,0.11733333333333333
637,0.10833333333333334
638,0.10733333333333334
639,0.11366666666666668
640,0.11933333333333333
641,0.123
642,0.1376666666666667
643,0.14
644,0.1436666666666667
645,0.16266666666666665
646,0.164
647,0.14633333333333334
648,0.13833333333333334
649,0.132
650,0.11699999999999999
651,0.122
652,0.11499999999999999
653,0.11533333333333334
654,0.11566666666666665
655,0.11233333333333333
656,0.10266666666666667
657,0.10266666666666667
658,0.09899999999999999
659,0.10099999999999999
660,0.11099999999999999
661,0.124
662,0.133
663,0.16
664,0.20766666666666667
665,0.2633333333333333
666,0.3459999999999999
667,0.41500000000000004
668,0.4433333333333333
669,0.5133333333333333
670,0.5323333333333333
671,0.6086666666666667
672,0.7466666666666667
673,0.8796666666666667
674,0.8256666666666668
675,0.604
676,0.4026666666666667
677,0.2713333333333333
678,0.19633333333333333
679,0.162
680,0.129
681,0.124
682,0.11399999999999999
683,0.113
684,0.11233333333333334
685,0.11366666666666665
686,0.12
687,0.12066666666666666
688,0.13166666666666668
689,0.14100000000000001
690,0.13233333333333333
691,0.127
692,0.13633333333333333
693,0.13933333333333334
694,0.157
695,0.14066666666666666
696,0.133
697,0.12966666666666668
698,0.12666666666666668
699,0.12333333333333334
700,0.10966666666666665
701,0.108
702,0.107
703,0.10866666666666668
704,0.11599999999999999
705,0.11499999999999999
706,0.10966666666666665
707,0.11399999999999999
708,0.103
709,0.10466666666666667
710,0.09900000000000002
711,0.10833333333333334
712,0.09966666666666668
713,0.09400000000000001
714,0.09166666666666667
715,0.08733333333333333
716,0.08766666666666667
717,0.083
718,0.08333333333333333
719,0.08833333333333333
720,0.09600000000000002
721,0.09633333333333334
722,0.10000000000000002
723,0.10433333333333333
724,0.09900000000000002
725,0.09933333333333334
726,0.09700000000000002
727,0.10000000000000002
728,0.09533333333333334
729,0.08800000000000001
730,0.09100000000000001
731,0.09466666666666668
732,0.11433333333333333
733,0.13466666666666668
734,0.11966666666666666
735,0.13366666666666668
736,0.12766666666666668
737,0.09966666666666668
738,0.10733333333333334
739,0.122
740,0.10966666666666668
741,0.09933333333333334
742,0.11133333333333333
743,0.11233333333333334
744,0.10133333333333333
745,0.11033333333333334
746,0.108
747,0.09666666666666668
748,0.09833333333333334
749,0.106
750,0.10066666666666667
751,0.09300000000000001
752,0.09766666666666668
753,0.102
754,0.09600000000000002
755,0.09100000000000001
756,0.10133333333333333
757,0.10366666666666667
758,0.09133333333333334
759,0.09533333333333334
760,0.10833333333333334
761,0.09466666666666668
762,0.08700000000000001
763,0.105
764,0.10099999999999999
765,0.085
766,0.09600000000000002
767,0.10666666666666667
768,0.10066666666666667
769,0.08666666666666667
770,0.09466666666666668
771,0.11699999999999999
772,0.12333333333333334
773,0.10566666666666667
774,0.11366666666666668
775,0.11699999999999999
776,0.105
777,0.106
778,0.11833333333333333
779,0.135
780,0.14733333333333334
781,0.17633333333333334
782,0.17800000000000002
783,0.19166666666666665
784,0.17800000000000002
785,0.15233333333333332
786,0.17366666666666666
787,0.155
788,0.13533333333333333
789,0.13833333333333334
790,0.12266666666666666
791,0.137
792,0.13633333333333333
793,0.12233333333333334
794,0.12433333333333334
795,0.1406666666666667
796,0.19133333333333336
797,0.26833333333333337
798,0.3073333333333333
799,0.28
800,0.28800000000000003
801,0.23566666666666666
802,0.166
803,0.13733333333333334
804,0.12133333333333333
805,0.12733333333333333
806,0.11566666666666665
807,0.10833333333333334
808,0.12733333333333333
809,0.12933333333333333
810,0.11733333333333333
811,0.121
812,0.14300000000000002
813,0.1396666666666667
814,0.137
815,0.163
816,0.17266666666666666
817,0.18900000000000003
818,0.19933333333333333
819,0.21333333333333335
820,0.19033333333333333
821,0.15
822,0.14333333333333334
823,0.129
824,0.12766666666666668
825,0.11299999999999999
826,0.132
827,0.13333333333333333
828,0.11333333333333333
829,0.118
830,0.139
831,0.14633333333333334
832,0.15633333333333332
833,0.15633333333333332
834,0.17566666666666667
835,0.171
836,0.14766666666666667
837,0.14133333333333334
838,0.132
839,0.11466666666666665
840,0.11199999999999999
841,0.10366666666666667
842,0.102
843,0.10300000000000002
844,0.10433333333333333
845,0.10533333333333333
846,0.09300000000000001
847,0.10533333333333333
848,0.09900000000000002
849,0.09866666666666668
850,0.105
851,0.09700000000000002
852,0.10099999999999999
853,0.09433333333333334
854,0.102
855,0.10733333333333334
856,0.102
857,0.09233333333333334
858,0.09166666666666667
859,0.09433333333333334
860,0.09333333333333334
861,0.08966666666666667
862,0.09133333333333334
863,0.09533333333333334
864,0.09366666666666668
865,0.09033333333333333
866,0.09200000000000001
867,0.09600000000000002
868,0.09466666666666668
869,0.09233333333333334
870,0.09700000000000002
871,0.10066666666666667
872,0.09766666666666668
873,0.10366666666666667
874,0.105
875,0.10766666666666667
876,0.109
877,0.13633333333333333
878,0.15100000000000002
879,0.16133333333333333
880,0.1386666666666667
881,0.12633333333333333
882,0.111
883,0.10466666666666667
884,0.102
885,0.106
886,0.10633333333333334
887,0.11399999999999999
888,0.105
889,0.09833333333333334
890,0.09966666666666668
891,0.10133333333333333
892,0.09799999999999999
893,0.09233333333333334
894,0.09566666666666668
895,0.10366666666666667
896,0.10633333333333334
897,0.10833333333333334
898,0.11566666666666668
899,0.111
900,0.12266666666666666
901,0.13166666666666668
902,0.1386666666666667
903,0.13266666666666668
904,0.124
905,0.13133333333333333
906,0.13433333333333333
907,0.13033333333333333
908,0.13166666666666668
909,0.14533333333333334
910,0.135
911,0.121
912,0.12733333333333333
913,0.13233333333333333
914,0.123
915,0.11833333333333333
916,0.12433333333333334
917,0.12866666666666668
918,0.123
919,0.12533333333333332
920,0.1396666666666667
921,0.13533333333333333
922,0.12333333333333334
923,0.136
924,0.1496666666666667
925,0.14700000000000002
926,0.14433333333333334
927,0.16633333333333333
928,0.18299999999999997
929,0.19033333333333333
930,0.21633333333333335
931,0.20733333333333334
932,0.17533333333333334
933,0.132
934,0.1436666666666667
935,0.13033333333333333
936,0.11499999999999999
937,0.11466666666666665
938,0.11733333333333333
939,0.11433333333333333
940,0.11433333333333334
941,0.11433333333333333
942,0.10766666666666667
943,0.10033333333333333
944,0.105
945,0.10533333333333333
946,0.09600000000000002
947,0.09200000000000001
948,0.09900000000000002
949,0.09866666666666668
950,0.09200000000000001
951,0.09800000000000002
952,0.10066666666666668
953,0.09100000000000001
954,0.09533333333333334
955,0.09833333333333334
956,0.09233333333333334
957,0.09833333333333334
958,0.10066666666666668
959,0.12333333333333334
960,0.11266666666666668
961,0.121
962,0.109
963,0.108
964,0.10366666666666667
965,0.10366666666666667
966,0.11833333333333333
967,0.108
968,0.10133333333333334
969,0.11399999999999999
970,0.12133333333333333
971,0.12
972,0.11633333333333333
973,0.142
974,0.16466666666666666
975,0.16733333333333333
976,0.13899999999999998
977,0.11066666666666665
978,0.11299999999999999
979,0.11299999999999999
980,0.09900000000000002
981,0.09466666666666668
982,0.09766666666666668
983,0.10033333333333334
984,0.09200000000000001
985,0.08833333333333333
986,0.09300000000000001
987,0.08700000000000001
988,0.08066666666666666
989,0.08366666666666667
990,0.085
991,0.08233333333333333
992,0.08166666666666667
993,0.08266666666666667
994,0.08333333333333333
995,0.082
996,0.08266666666666667
997,0.08533333333333333
998,0.08766666666666667
999,0.08466666666666667
1000,0.08733333333333333
1001,0.09233333333333334
1002,0.08900000000000001
1003,0.08833333333333333
1004,0.09266666666666667
1005,0.09366666666666668
1006,0.083
1007,0.084
1008,0.09100000000000001
1009,0.08600000000000001
1010,0.08166666666666667
1011,0.08633333333333333
1012,0.08466666666666667
1013,0.081
1014,0.081
1015,0.084
1016,0.08733333333333333
1017,0.08433333333333333
1018,0.08800000000000001
1019,0.084
1020,0.078
1021,0.078
1022,0.08766666666666667
1023,0.09200000000000001
1024,0.08333333333333333
1025,0.08666666666666667
1026,0.10066666666666668
1027,0.09866666666666668
1028,0.10033333333333333
1029,0.09633333333333334
1030,0.08933333333333333
1031,0.08333333333333333
1032,0.09600000000000002
1033,0.10033333333333334
1034,0.09633333333333334
1035,0.08700000000000001
1036,0.08233333333333333
1037,0.08566666666666667
1038,0.08533333333333333
1039,0.07933333333333333
1040,0.08566666666666667
1041,0.08666666666666667
1042,0.08700000000000001
1043,0.09200000000000001
1044,0.09666666666666668
1045,0.10100000000000002
1046,0.09766666666666668
1047,0.09200000000000001
1048,0.08333333333333333
1049,0.08766666666666667
1050,0.08333333333333333
1051,0.08333333333333333
1052,0.08066666666666666
1053,0.085
1054,0.08600000000000001
1055,0.09266666666666667
1056,0.09833333333333334
1057,0.103
1058,0.11633333333333333
1059,0.12266666666666666
1060,0.12266666666666666
1061,0.126
1062,0.12266666666666666
1063,0.122
1064,0.12433333333333334
1065,0.11766666666666666
1066,0.12933333333333333
1067,0.12966666666666668
1068,0.134
1069,0.14833333333333332
1070,0.16333333333333333
1071,0.19266666666666668
1072,0.2253333333333333
1073,0.2263333333333333
1074,0.18133333333333335
1075,0.15433333333333332
1076,0.14733333333333332
1077,0.133
1078,0.1366666666666667
1079,0.151
1080,0.14900000000000002
1081,0.127
1082,0.11333333333333333
1083,0.119
1084,0.12266666666666666
1085,0.136
1086,0.17500000000000002
1087,0.21366666666666667
1088,0.218
1089,0.17700000000000002
1090,0.14666666666666667
1091,0.13899999999999998
1092,0.12833333333333333
1093,0.12266666666666666
1094,0.123
1095,0.11933333333333333
1096,0.11766666666666666
1097,0.121
1098,0.123
1099,0.143
1100,0.152
1101,0.15233333333333332
1102,0.15933333333333333
1103,0.155
1104,0.17166666666666663
1105,0.19166666666666665
1106,0.20099999999999998
1107,0.17066666666666666
1108,0.157
1109,0.17066666666666666
1110,0.16766666666666666
1111,0.17200000000000001
1112,0.18233333333333332
1113,0.18266666666666667
1114,0.171
1115,0.18566666666666665
1116,0.17666666666666667
1117,0.159
1118,0.17200000000000001
1119,0.17600000000000002
1120,0.15766666666666665
1121,0.16733333333333333
1122,0.19299999999999998
1123,0.23466666666666666
1124,0.28933333333333333
1125,0.34299999999999997
1126,0.44766666666666666
1127,0.568
1128,0.7506666666666666
