1,0.299
2,0.221
3,0.17466666666666666
4,0.17333333333333334
5,0.16966666666666666
6,0.16733333333333333
7,0.18566666666666665
8,0.19966666666666666
9,0.18800000000000003
10,0.21566666666666667
11,0.2046666666666667
12,0.18533333333333335
13,0.19200000000000003
14,0.17699999999999996
15,0.14466666666666667
16,0.12933333333333333
17,0.12366666666666666
18,0.11499999999999999
19,0.10466666666666669
20,0.107
21,0.09933333333333334
22,0.09300000000000001
23,0.09066666666666667
24,0.08766666666666667
25,0.08700000000000001
26,0.08666666666666667
27,0.09966666666666668
28,0.08833333333333333
29,0.09166666666666667
30,0.08433333333333333
31,0.081
32,0.084
33,0.09166666666666667
34,0.10233333333333333
35,0.10066666666666668
36,0.10366666666666667
37,0.102
38,0.10633333333333334
39,0.11
40,0.10733333333333334
41,0.10066666666666668
42,0.09266666666666667
43,0.08700000000000001
44,0.08933333333333333
45,0.09266666666666667
46,0.09600000000000002
47,0.10766666666666667
48,0.10966666666666668
49,0.11433333333333333
50,0.10633333333333334
51,0.10966666666666668
52,0.11333333333333333
53,0.11466666666666665
54,0.128
55,0.13633333333333333
56,0.152
57,0.16666666666666666
58,0.20566666666666666
59,0.25266666666666665
60,0.31166666666666665
61,0.35799999999999993
62,0.332
63,0.25366666666666665
64,0.21433333333333335
65,0.17366666666666664
66,0.14600000000000002
67,0.132
68,0.12333333333333334
69,0.11633333333333333
70,0.11933333333333333
71,0.109
72,0.103
73,0.10200000000000002
74,0.09366666666666668
75,0.10466666666666667
76,0.10866666666666668
77,0.09300000000000001
78,0.08533333333333333
79,0.08466666666666667
80,0.08600000000000001
81,0.09500000000000001
82,0.10100000000000002
83,0.11166666666666665
84,0.11699999999999999
85,0.13333333333333333
86,0.13633333333333333
87,0.12333333333333334
88,0.11733333333333333
89,0.10733333333333334
90,0.10633333333333334
91,0.10233333333333333
92,0.09266666666666667
93,0.09233333333333334
94,0.09133333333333334
95,0.10033333333333333
96,0.115
97,0.135
98,0.12633333333333333
99,0.14433333333333334
100,0.15166666666666664
101,0.15033333333333332
102,0.134
103,0.11133333333333334
104,0.09966666666666668
105,0.09433333333333334
106,0.09666666666666668
107,0.09266666666666667
108,0.10433333333333333
109,0.11133333333333333
110,0.125
111,0.15166666666666664
112,0.14766666666666667
113,0.12833333333333333
114,0.11166666666666665
115,0.10866666666666668
116,0.10033333333333334
117,0.105
118,0.10066666666666667
119,0.10933333333333334
120,0.11633333333333333
121,0.119
122,0.13033333333333333
123,0.12466666666666666
124,0.13533333333333333
125,0.149
126,0.13433333333333333
127,0.12233333333333334
128,0.125
129,0.13
130,0.14233333333333334
131,0.14733333333333334
132,0.16933333333333334
133,0.19466666666666668
134,0.22299999999999998
135,0.26666666666666666
136,0.2906666666666667
137,0.26966666666666667
138,0.252
139,0.21833333333333335
140,0.18233333333333335
141,0.17333333333333334
142,0.15533333333333332
143,0.16933333333333334
144,0.15833333333333333
145,0.14066666666666666
146,0.134
147,0.12466666666666666
148,0.13033333333333333
149,0.149
150,0.14866666666666664
151,0.1376666666666667
152,0.137
153,0.13166666666666668
154,0.12233333333333334
155,0.12133333333333333
156,0.11533333333333333
157,0.11866666666666666
158,0.11866666666666666
159,0.12733333333333333
160,0.13133333333333333
161,0.1446666666666667
162,0.1396666666666667
163,0.13933333333333334
164,0.14766666666666664
165,0.14866666666666664
166,0.16
167,0.16833333333333333
168,0.18600000000000003
169,0.2026666666666667
170,0.19933333333333336
171,0.21666666666666667
172,0.20133333333333334
173,0.16733333333333333
174,0.14133333333333334
175,0.14233333333333334
176,0.124
177,0.11
178,0.10066666666666668
179,0.08833333333333333
180,0.084
181,0.08
182,0.084
183,0.09533333333333334
184,0.10066666666666668
185,0.11466666666666665
186,0.13
187,0.10866666666666668
188,0.09733333333333334
189,0.08866666666666667
190,0.08933333333333333
191,0.08366666666666667
192,0.083
193,0.08900000000000001
194,0.09466666666666668
195,0.10633333333333334
196,0.118
197,0.13466666666666668
198,0.14133333333333334
199,0.164
200,0.16233333333333333
201,0.18600000000000003
202,0.17233333333333334
203,0.15366666666666665
204,0.135
205,0.1366666666666667
206,0.138
207,0.13166666666666668
208,0.11366666666666665
209,0.11066666666666668
210,0.09533333333333334
211,0.08533333333333333
212,0.09000000000000001
213,0.09666666666666668
214,0.10366666666666667
215,0.11666666666666665
216,0.10466666666666667
217,0.09766666666666668
218,0.10366666666666667
219,0.09833333333333334
220,0.10233333333333335
221,0.09866666666666668
222,0.10466666666666667
223,0.09800000000000002
224,0.10366666666666667
225,0.09933333333333334
226,0.09366666666666668
227,0.09766666666666668
228,0.09800000000000002
229,0.10266666666666667
230,0.11199999999999999
231,0.12
232,0.13566666666666669
233,0.151
234,0.17500000000000002
235,0.21466666666666667
236,0.26533333333333337
237,0.3256666666666667
238,0.35833333333333334
239,0.4336666666666667
240,0.4606666666666667
241,0.42333333333333334
242,0.375
243,0.3336666666666666
244,0.2733333333333334
245,0.22033333333333335
246,0.18366666666666664
247,0.17166666666666663
248,0.15933333333333333
249,0.154
250,0.14033333333333334
251,0.12633333333333333
252,0.11633333333333333
253,0.103
254,0.10033333333333334
255,0.09533333333333334
256,0.09566666666666668
257,0.09166666666666667
258,0.09100000000000001
259,0.09900000000000002
260,0.09833333333333334
261,0.09366666666666668
262,0.10000000000000002
263,0.09466666666666668
264,0.09400000000000001
265,0.09333333333333334
266,0.09433333333333334
267,0.08933333333333333
268,0.09866666666666668
269,0.10766666666666667
270,0.10866666666666668
271,0.09833333333333334
272,0.09666666666666668
273,0.09033333333333333
274,0.10333333333333333
275,0.10000000000000002
276,0.09233333333333334
277,0.09600000000000002
278,0.09366666666666668
279,0.09833333333333334
280,0.104
281,0.10333333333333333
282,0.103
283,0.103
284,0.10100000000000002
285,0.09300000000000001
286,0.09533333333333334
287,0.09700000000000002
288,0.09700000000000002
289,0.09800000000000002
290,0.10733333333333334
291,0.11233333333333333
292,0.11766666666666666
293,0.11666666666666665
294,0.11566666666666665
295,0.123
296,0.11433333333333334
297,0.118
298,0.10866666666666668
299,0.104
300,0.09300000000000001
301,0.09300000000000001
302,0.09533333333333334
303,0.09633333333333333
304,0.10066666666666667
305,0.08966666666666667
306,0.09600000000000002
307,0.10066666666666667
308,0.102
309,0.11233333333333333
310,0.104
311,0.10866666666666668
312,0.10633333333333334
313,0.10533333333333333
314,0.09766666666666668
315,0.09333333333333334
316,0.09533333333333333
317,0.09133333333333334
318,0.09500000000000001
319,0.10366666666666667
320,0.10433333333333333
321,0.12166666666666666
322,0.12033333333333333
323,0.11099999999999999
324,0.09500000000000001
325,0.10633333333333334
326,0.107
327,0.12833333333333333
328,0.13166666666666668
329,0.108
330,0.09766666666666667
331,0.102
332,0.11166666666666665
333,0.12966666666666668
334,0.12133333333333333
335,0.09400000000000001
336,0.08900000000000001
337,0.08733333333333333
338,0.08466666666666667
339,0.09133333333333334
340,0.09333333333333334
341,0.08600000000000001
342,0.08666666666666667
343,0.08800000000000001
344,0.09000000000000001
345,0.09033333333333333
346,0.09033333333333333
347,0.09866666666666668
348,0.09066666666666667
349,0.09000000000000001
350,0.09400000000000001
351,0.09866666666666667
352,0.10633333333333334
353,0.10566666666666667
354,0.119
355,0.11466666666666665
356,0.109
357,0.11433333333333333
358,0.12066666666666666
359,0.122
360,0.118
361,0.11666666666666665
362,0.09866666666666668
363,0.105
364,0.10933333333333332
365,0.09933333333333334
366,0.09733333333333334
367,0.08866666666666667
368,0.09600000000000002
369,0.10733333333333334
370,0.09233333333333334
371,0.09600000000000002
372,0.10566666666666667
373,0.11566666666666665
374,0.10333333333333333
375,0.10433333333333333
376,0.11666666666666665
377,0.11299999999999999
378,0.08900000000000001
379,0.08233333333333333
380,0.08466666666666667
381,0.08533333333333333
382,0.09233333333333334
383,0.08233333333333333
384,0.08166666666666667
385,0.08266666666666667
386,0.079
387,0.07966666666666666
388,0.07566666666666666
389,0.08
390,0.08233333333333333
391,0.08966666666666667
392,0.09700000000000002
393,0.10433333333333333
394,0.09400000000000001
395,0.09366666666666668
396,0.105
397,0.09799999999999999
398,0.08966666666666667
399,0.09766666666666668
400,0.11066666666666668
401,0.14033333333333334
402,0.11766666666666666
403,0.11933333333333333
404,0.11433333333333333
405,0.10166666666666667
406,0.09166666666666667
407,0.09500000000000001
408,0.09833333333333333
409,0.09233333333333334
410,0.08700000000000001
411,0.084
412,0.08766666666666667
413,0.09333333333333334
414,0.106
415,0.121
416,0.11933333333333333
417,0.10033333333333333
418,0.08966666666666667
419,0.08433333333333333
420,0.08266666666666667
421,0.081
422,0.08333333333333333
423,0.08433333333333333
424,0.08900000000000001
425,0.09333333333333334
426,0.10266666666666667
427,0.13533333333333333
428,0.14300000000000002
429,0.13133333333333333
430,0.11333333333333333
431,0.133
432,0.16499999999999998
433,0.19333333333333333
434,0.21733333333333335
435,0.19666666666666666
436,0.17133333333333334
437,0.14533333333333334
438,0.13233333333333333
439,0.10366666666666667
440,0.10033333333333334
441,0.09200000000000001
442,0.09366666666666668
443,0.10566666666666667
444,0.10966666666666668
445,0.11666666666666665
446,0.1366666666666667
447,0.127
448,0.10966666666666665
449,0.09800000000000002
450,0.10066666666666668
451,0.09766666666666668
452,0.09500000000000001
453,0.09300000000000001
454,0.09666666666666668
455,0.09999999999999999
456,0.11066666666666668
457,0.12033333333333333
458,0.131
459,0.1486666666666667
460,0.153
461,0.159
462,0.20099999999999998
463,0.24166666666666667
464,0.29866666666666664
465,0.3216666666666667
466,0.299
467,0.28099999999999997
468,0.236
469,0.3053333333333333
470,0.31433333333333335
471,0.3196666666666667
472,0.3016666666666667
473,0.2856666666666667
474,0.25933333333333336
475,0.214
476,0.17233333333333334
477,0.15133333333333332
478,0.13266666666666668
479,0.11766666666666666
480,0.109
481,0.108
482,0.11
483,0.109
484,0.12366666666666666
485,0.11333333333333333
486,0.13366666666666668
487,0.15066666666666664
488,0.1576666666666667
489,0.14633333333333334
490,0.13733333333333334
491,0.12833333333333333
492,0.11866666666666666
493,0.10266666666666668
494,0.09900000000000002
495,0.09066666666666667
496,0.08566666666666667
497,0.083
498,0.07833333333333332
499,0.07866666666666666
500,0.078
501,0.08066666666666666
502,0.082
503,0.085
504,0.08833333333333333
505,0.09233333333333334
506,0.09599999999999999
507,0.10666666666666667
508,0.09966666666666667
509,0.09500000000000001
510,0.09033333333333333
511,0.09166666666666667
512,0.08433333333333333
513,0.08733333333333333
514,0.10100000000000002
515,0.118
516,0.12066666666666666
517,0.134
518,0.11833333333333333
519,0.114
520,0.122
521,0.11166666666666668
522,0.11166666666666668
523,0.10533333333333333
524,0.10533333333333333
525,0.10533333333333333
526,0.09233333333333334
527,0.08866666666666667
528,0.08866666666666667
529,0.08800000000000001
530,0.08533333333333333
531,0.082
532,0.08566666666666667
533,0.09499999999999999
534,0.08766666666666667
535,0.09099999999999998
536,0.09333333333333334
537,0.08733333333333333
538,0.08366666666666667
539,0.08433333333333333
540,0.08533333333333333
541,0.09200000000000001
542,0.103
543,0.09433333333333334
544,0.10566666666666667
545,0.09633333333333333
546,0.11399999999999999
547,0.09966666666666667
548,0.11133333333333334
549,0.12333333333333334
550,0.11666666666666668
551,0.09433333333333332
552,0.08533333333333333
553,0.07833333333333332
554,0.07633333333333332
555,0.07766666666666666
556,0.08600000000000001
557,0.09766666666666668
558,0.09400000000000001
559,0.08666666666666667
560,0.08866666666666667
561,0.08266666666666667
562,0.07933333333333333
563,0.076
564,0.079
565,0.08566666666666667
566,0.09333333333333334
567,0.10433333333333333
568,0.122
569,0.12766666666666668
570,0.11533333333333333
571,0.105
572,0.09000000000000001
573,0.08533333333333333
574,0.082
575,0.081
576,0.08600000000000001
577,0.08633333333333333
578,0.08733333333333333
579,0.09333333333333334
580,0.09066666666666667
581,0.09433333333333334
582,0.08900000000000001
583,0.08233333333333333
584,0.08466666666666667
585,0.08433333333333333
586,0.08866666666666667
587,0.09866666666666667
588,0.11099999999999999
589,0.12366666666666666
590,0.132
591,0.1506666666666667
592,0.15633333333333332
593,0.13433333333333333
594,0.13533333333333333
595,0.11399999999999999
596,0.10133333333333334
597,0.09333333333333334
598,0.085
599,0.07966666666666666
600,0.08066666666666666
601,0.08333333333333333
602,0.09466666666666668
603,0.09599999999999999
604,0.09633333333333333
605,0.09933333333333333
606,0.128
607,0.129
608,0.126
609,0.144
610,0.17133333333333334
611,0.18300000000000002
612,0.18433333333333335
613,0.206
614,0.20866666666666667
615,0.21599999999999997
616,0.18766666666666668
617,0.16566666666666666
618,0.161
619,0.154
620,0.14966666666666667
621,0.14633333333333334
622,0.149
623,0.16766666666666666
624,0.19733333333333333
625,0.19766666666666666
626,0.20533333333333334
627,0.19666666666666666
628,0.16166666666666665
629,0.124
630,0.104
631,0.09433333333333334
632,0.09433333333333334
633,0.09566666666666668
634,0.09900000000000002
635,0.10033333333333333
636,0.09033333333333333
637,0.08366666666666667
638,0.08466666666666667
639,0.09366666666666668
640,0.09966666666666668
641,0.10133333333333334
642,0.10766666666666667
643,0.108
644,0.11233333333333334
645,0.12666666666666668
646,0.12633333333333333
647,0.11633333333333333
648,0.11266666666666665
649,0.11533333333333333
650,0.09933333333333333
651,0.10166666666666667
652,0.09500000000000001
653,0.09666666666666668
654,0.09533333333333334
655,0.09100000000000001
656,0.08600000000000001
657,0.08633333333333333
658,0.08033333333333333
659,0.08466666666666667
660,0.09233333333333334
661,0.10099999999999999
662,0.10666666666666667
663,0.12766666666666668
664,0.15833333333333333
665,0.18800000000000003
666,0.23233333333333336
667,0.2773333333333334
668,0.29066666666666663
669,0.32266666666666666
670,0.332
671,0.37266666666666665
672,0.452
673,0.5346666666666666
674,0.573
675,0.4303333333333333
676,0.2933333333333334
677,0.20433333333333334
678,0.1486666666666667
679,0.12066666666666666
680,0.102
681,0.09966666666666667
682,0.09100000000000001
683,0.08900000000000001
684,0.09166666666666667
685,0.09366666666666668
686,0.10366666666666667
687,0.10099999999999999
688,0.112
689,0.122
690,0.11566666666666665
691,0.11233333333333334
692,0.12166666666666666
693,0.11399999999999999
694,0.124
695,0.11166666666666668
696,0.109
697,0.11133333333333334
698,0.10733333333333334
699,0.10033333333333334
700,0.09066666666666667
701,0.08933333333333333
702,0.08866666666666667
703,0.09166666666666667
704,0.09700000000000002
705,0.09866666666666668
706,0.09433333333333334
707,0.09800000000000002
708,0.09066666666666667
709,0.08966666666666667
710,0.08533333333333333
711,0.09600000000000002
712,0.084
713,0.07633333333333332
714,0.076
715,0.07200000000000001
716,0.07333333333333332
717,0.07133333333333333
718,0.071
719,0.07433333333333332
720,0.07833333333333332
721,0.076
722,0.082
723,0.084
724,0.08166666666666667
725,0.07733333333333332
726,0.07366666666666666
727,0.07833333333333332
728,0.07733333333333332
729,0.07233333333333333
730,0.07266666666666667
731,0.07766666666666666
732,0.09900000000000002
733,0.107
734,0.09433333333333334
735,0.10833333333333334
736,0.10233333333333335
737,0.083
738,0.08966666666666667
739,0.09733333333333334
740,0.08800000000000001
741,0.082
742,0.09133333333333334
743,0.08833333333333333
744,0.08
745,0.08833333333333333
746,0.07966666666666666
747,0.07433333333333332
748,0.07633333333333334
749,0.079
750,0.07633333333333335
751,0.07533333333333332
752,0.077
753,0.07966666666666666
754,0.077
755,0.07433333333333332
756,0.07833333333333332
757,0.08033333333333333
758,0.07333333333333333
759,0.076
760,0.08566666666666667
761,0.076
762,0.07033333333333333
763,0.08
764,0.08033333333333333
765,0.074
766,0.07966666666666666
767,0.085
768,0.08466666666666667
769,0.07666666666666666
770,0.08
771,0.09133333333333334
772,0.09466666666666668
773,0.08700000000000001
774,0.09933333333333333
775,0.10533333333333333
776,0.09233333333333334
777,0.09000000000000001
778,0.10233333333333333
779,0.11599999999999999
780,0.122
781,0.13733333333333334
782,0.13933333333333334
783,0.1456666666666667
784,0.1386666666666667
785,0.119
786,0.13566666666666669
787,0.123
788,0.107
789,0.111
790,0.102
791,0.112
792,0.11
793,0.09900000000000002
794,0.10333333333333333
795,0.11366666666666668
796,0.14733333333333334
797,0.19833333333333333
798,0.21266666666666667
799,0.19599999999999998
800,0.20766666666666667
801,0.16733333333333333
802,0.13366666666666668
803,0.10866666666666668
804,0.09633333333333334
805,0.10200000000000002
806,0.09400000000000001
807,0.08766666666666667
808,0.09866666666666668
809,0.10133333333333334
810,0.09266666666666667
811,0.09700000000000002
812,0.10733333333333334
813,0.10466666666666667
814,0.10300000000000002
815,0.12033333333333333
816,0.12733333333333333
817,0.13366666666666668
818,0.138
819,0.15666666666666665
820,0.136
821,0.10966666666666668
822,0.104
823,0.10000000000000002
824,0.10266666666666668
825,0.09666666666666668
826,0.11233333333333333
827,0.10733333333333334
828,0.09266666666666667
829,0.09966666666666668
830,0.10933333333333332
831,0.11033333333333332
832,0.11866666666666666
833,0.11533333333333333
834,0.12166666666666666
835,0.11299999999999999
836,0.108
837,0.10566666666666667
838,0.09500000000000001
839,0.08933333333333333
840,0.08866666666666667
841,0.08066666666666666
842,0.08166666666666667
843,0.084
844,0.08166666666666667
845,0.085
846,0.076
847,0.08133333333333333
848,0.08
849,0.08033333333333333
850,0.08933333333333333
851,0.08133333333333333
852,0.08166666666666667
853,0.07933333333333333
854,0.08700000000000001
855,0.09200000000000001
856,0.09000000000000001
857,0.08066666666666666
858,0.07866666666666666
859,0.07933333333333333
860,0.08
861,0.078
862,0.07666666666666666
863,0.07966666666666666
864,0.07966666666666666
865,0.07533333333333332
866,0.077
867,0.08133333333333333
868,0.082
869,0.08133333333333333
870,0.08433333333333333
871,0.08333333333333333
872,0.08466666666666667
873,0.08666666666666667
874,0.08466666666666667
875,0.08600000000000001
876,0.08433333333333333
877,0.10233333333333333
878,0.114
879,0.125
880,0.11133333333333334
881,0.104
882,0.09399999999999999
883,0.08700000000000001
884,0.08266666666666667
885,0.08766666666666667
886,0.08666666666666667
887,0.09100000000000001
888,0.08633333333333333
889,0.08466666666666667
890,0.084
891,0.08233333333333333
892,0.082
893,0.079
894,0.08133333333333333
895,0.08800000000000001
896,0.09100000000000001
897,0.09366666666666668
898,0.10233333333333335
899,0.09466666666666668
900,0.10133333333333333
901,0.10466666666666667
902,0.111
903,0.10633333333333334
904,0.10033333333333334
905,0.10533333333333333
906,0.109
907,0.109
908,0.109
909,0.11666666666666665
910,0.109
911,0.09733333333333334
912,0.10166666666666668
913,0.10400000000000002
914,0.09833333333333334
915,0.09566666666666668
916,0.10233333333333335
917,0.10766666666666667
918,0.10566666666666667
919,0.10533333333333333
920,0.11433333333333334
921,0.11433333333333334
922,0.10766666666666667
923,0.112
924,0.12266666666666666
925,0.11966666666666666
926,0.11699999999999999
927,0.13533333333333333
928,0.14766666666666664
929,0.15366666666666665
930,0.16133333333333333
931,0.155
932,0.12966666666666668
933,0.10366666666666667
934,0.11366666666666665
935,0.10466666666666667
936,0.08866666666666667
937,0.09233333333333334
938,0.09133333333333334
939,0.08800000000000001
940,0.08666666666666667
941,0.08933333333333333
942,0.08533333333333333
943,0.081
944,0.08466666666666667
945,0.08333333333333333
946,0.07833333333333332
947,0.07866666666666666
948,0.08066666666666666
949,0.077
950,0.07366666666666667
951,0.077
952,0.078
953,0.07133333333333333
954,0.075
955,0.07833333333333332
956,0.076
957,0.07833333333333332
958,0.083
959,0.10466666666666669
960,0.09233333333333334
961,0.09966666666666667
962,0.09100000000000001
963,0.08733333333333333
964,0.08333333333333333
965,0.08366666666666667
966,0.09266666666666667
967,0.084
968,0.082
969,0.09033333333333333
970,0.09400000000000001
971,0.09500000000000001
972,0.09266666666666667
973,0.10866666666666665
974,0.12466666666666666
975,0.12866666666666668
976,0.11066666666666668
977,0.09500000000000001
978,0.09566666666666668
979,0.09366666666666668
980,0.082
981,0.07733333333333332
982,0.07866666666666666
983,0.07933333333333333
984,0.07300000000000001
985,0.07033333333333334
986,0.075
987,0.072
988,0.066
989,0.065
990,0.068
991,0.068
992,0.06533333333333334
993,0.06633333333333334
994,0.06933333333333334
995,0.06833333333333334
996,0.06666666666666667
997,0.07
998,0.07433333333333332
999,0.07166666666666667
1000,0.07333333333333332
1001,0.07666666666666666
1002,0.07633333333333332
1003,0.07633333333333332
1004,0.08133333333333333
1005,0.08166666666666667
1006,0.07166666666666667
1007,0.07266666666666667
1008,0.07633333333333334
1009,0.07133333333333333
1010,0.07066666666666667
1011,0.07466666666666667
1012,0.07333333333333333
1013,0.07
1014,0.071
1015,0.07133333333333333
1016,0.07233333333333335
1017,0.07133333333333335
1018,0.071
1019,0.06966666666666667
1020,0.06366666666666666
1021,0.067
1022,0.07033333333333334
1023,0.078
1024,0.07133333333333332
1025,0.072
1026,0.084
1027,0.08166666666666667
1028,0.081
1029,0.08166666666666667
1030,0.07666666666666667
1031,0.069
1032,0.08233333333333333
1033,0.083
1034,0.081
1035,0.07066666666666667
1036,0.06733333333333334
1037,0.07100000000000001
1038,0.07333333333333332
1039,0.06733333333333334
1040,0.07133333333333335
1041,0.072
1042,0.073
1043,0.077
1044,0.083
1045,0.08600000000000001
1046,0.08
1047,0.07533333333333332
1048,0.07266666666666667
1049,0.07366666666666666
1050,0.06833333333333334
1051,0.07100000000000001
1052,0.07100000000000001
1053,0.074
1054,0.072
1055,0.07733333333333332
1056,0.08333333333333333
1057,0.08933333333333333
1058,0.09666666666666668
1059,0.10300000000000002
1060,0.10333333333333335
1061,0.10533333333333333
1062,0.10266666666666667
1063,0.10066666666666668
1064,0.10133333333333334
1065,0.09800000000000002
1066,0.11
1067,0.10833333333333334
1068,0.11133333333333334
1069,0.124
1070,0.13433333333333333
1071,0.163
1072,0.19400000000000003
1073,0.18033333333333335
1074,0.14966666666666667
1075,0.127
1076,0.119
1077,0.10933333333333334
1078,0.10933333333333334
1079,0.11966666666666666
1080,0.11699999999999999
1081,0.09900000000000002
1082,0.08933333333333333
1083,0.09766666666666668
1084,0.10133333333333334
1085,0.11433333333333333
1086,0.143
1087,0.169
1088,0.17866666666666667
1089,0.152
1090,0.12033333333333333
1091,0.11199999999999999
1092,0.10033333333333334
1093,0.09600000000000002
1094,0.09733333333333334
1095,0.09833333333333334
1096,0.09833333333333334
1097,0.09833333333333334
1098,0.09733333333333334
1099,0.11766666666666666
1100,0.126
1101,0.12233333333333334
1102,0.12866666666666668
1103,0.124
1104,0.137
1105,0.149
1106,0.15366666666666665
1107,0.13233333333333333
1108,0.12533333333333332
1109,0.13533333333333333
1110,0.13266666666666668
1111,0.136
1112,0.145
1113,0.14733333333333332
1114,0.1386666666666667
1115,0.151
1116,0.14533333333333334
1117,0.13366666666666668
1118,0.1476666666666667
1119,0.15166666666666664
1120,0.133
1121,0.138
1122,0.15766666666666665
1123,0.18000000000000002
1124,0.20433333333333334
1125,0.232
1126,0.28833333333333333
1127,0.3786666666666667
1128,0.517
