1,0.36000000000000004
2,0.268
3,0.207
4,0.20766666666666667
5,0.211
6,0.20466666666666666
7,0.23066666666666666
8,0.24966666666666668
9,0.2303333333333333
10,0.26566666666666666
11,0.24533333333333332
12,0.22966666666666666
13,0.23666666666666666
14,0.21
15,0.169
16,0.15233333333333335
17,0.145
18,0.13566666666666669
19,0.12666666666666668
20,0.121
21,0.11099999999999999
22,0.10866666666666668
23,0.10566666666666667
24,0.09766666666666668
25,0.09266666666666667
26,0.09333333333333334
27,0.10666666666666667
28,0.10033333333333334
29,0.103
30,0.09266666666666667
31,0.08833333333333333
32,0.09100000000000001
33,0.10433333333333333
34,0.11433333333333333
35,0.119
36,0.11699999999999999
37,0.11466666666666665
38,0.12233333333333334
39,0.12566666666666668
40,0.12566666666666668
41,0.11866666666666666
42,0.10666666666666667
43,0.10233333333333333
44,0.105
45,0.10966666666666668
46,0.11299999999999999
47,0.12466666666666666
48,0.132
49,0.13866666666666666
50,0.12966666666666668
51,0.13466666666666668
52,0.13799999999999998
53,0.13666666666666666
54,0.15133333333333335
55,0.15833333333333333
56,0.17700000000000002
57,0.20000000000000004
58,0.24566666666666667
59,0.321
60,0.37766666666666665
61,0.42
62,0.40499999999999997
63,0.314
64,0.26133333333333336
65,0.21133333333333335
66,0.18066666666666667
67,0.16133333333333333
68,0.15133333333333335
69,0.13999999999999999
70,0.143
71,0.12966666666666668
72,0.122
73,0.121
74,0.10999999999999999
75,0.119
76,0.12133333333333333
77,0.10799999999999998
78,0.10099999999999999
79,0.09600000000000002
80,0.09966666666666667
81,0.10766666666666667
82,0.11566666666666665
83,0.131
84,0.13999999999999999
85,0.16033333333333333
86,0.163
87,0.14533333333333334
88,0.137
89,0.123
90,0.119
91,0.11499999999999999
92,0.10733333333333334
93,0.10866666666666668
94,0.106
95,0.12033333333333333
96,0.13866666666666666
97,0.162
98,0.14566666666666667
99,0.17833333333333334
100,0.18533333333333335
101,0.18366666666666664
102,0.163
103,0.137
104,0.12066666666666666
105,0.11033333333333332
106,0.11199999999999999
107,0.108
108,0.119
109,0.12966666666666668
110,0.15066666666666664
111,0.17700000000000002
112,0.17566666666666667
113,0.151
114,0.134
115,0.128
116,0.11666666666666665
117,0.12266666666666666
118,0.119
119,0.131
120,0.14
121,0.14433333333333334
122,0.15866666666666665
123,0.151
124,0.16166666666666665
125,0.17766666666666667
126,0.16
127,0.14433333333333334
128,0.14533333333333334
129,0.15033333333333335
130,0.16866666666666666
131,0.17633333333333334
132,0.20266666666666666
133,0.2356666666666667
134,0.2683333333333333
135,0.3313333333333333
136,0.3686666666666667
137,0.34299999999999997
138,0.326
139,0.2723333333333333
140,0.22466666666666665
141,0.208
142,0.18666666666666668
143,0.19600000000000004
144,0.18466666666666667
145,0.16433333333333333
146,0.15733333333333333
147,0.144
148,0.15166666666666667
149,0.17466666666666666
150,0.17500000000000002
151,0.16166666666666665
152,0.16633333333333333
153,0.15833333333333333
154,0.148
155,0.14733333333333334
156,0.13566666666666669
157,0.144
158,0.13966666666666666
159,0.14533333333333334
160,0.15566666666666665
161,0.17733333333333334
162,0.171
163,0.17400000000000002
164,0.18466666666666667
165,0.19333333333333336
166,0.20666666666666667
167,0.21966666666666668
168,0.2383333333333333
169,0.26966666666666667
170,0.25566666666666665
171,0.2753333333333334
172,0.23666666666666666
173,0.19666666666666668
174,0.16566666666666666
175,0.16133333333333333
176,0.143
177,0.12333333333333334
178,0.11033333333333332
179,0.09933333333333333
180,0.09366666666666668
181,0.09133333333333334
182,0.09633333333333334
183,0.109
184,0.11233333333333334
185,0.13066666666666668
186,0.154
187,0.13
188,0.11399999999999999
189,0.10333333333333333
190,0.10100000000000002
191,0.09533333333333334
192,0.09133333333333334
193,0.09666666666666668
194,0.10266666666666667
195,0.119
196,0.13166666666666668
197,0.15133333333333335
198,0.16333333333333333
199,0.19500000000000003
200,0.19566666666666666
201,0.221
202,0.213
203,0.18800000000000003
204,0.167
205,0.16766666666666666
206,0.164
207,0.151
208,0.128
209,0.12033333333333333
210,0.106
211,0.09133333333333334
212,0.09533333333333334
213,0.102
214,0.11666666666666665
215,0.13166666666666668
216,0.11733333333333333
217,0.11399999999999999
218,0.12233333333333334
219,0.11966666666666666
220,0.12666666666666668
221,0.12266666666666666
222,0.12833333333333333
223,0.11399999999999999
224,0.12166666666666666
225,0.12033333333333333
226,0.11466666666666665
227,0.118
228,0.11599999999999999
229,0.12166666666666666
230,0.133
231,0.14366666666666666
232,0.16
233,0.17866666666666667
234,0.208
235,0.265
236,0.3376666666666666
237,0.41500000000000004
238,0.45500000000000007
239,0.5616666666666666
240,0.6093333333333333
241,0.5643333333333334
242,0.49233333333333335
243,0.4326666666666667
244,0.353
245,0.25666666666666665
246,0.20866666666666667
247,0.19166666666666668
248,0.18366666666666667
249,0.17866666666666667
250,0.16566666666666666
251,0.14533333333333334
252,0.13666666666666666
253,0.12133333333333333
254,0.118
255,0.11266666666666665
256,0.11433333333333333
257,0.11099999999999999
258,0.10633333333333334
259,0.11466666666666665
260,0.11533333333333333
261,0.11066666666666665
262,0.11233333333333333
263,0.10533333333333333
264,0.10499999999999998
265,0.10466666666666667
266,0.10666666666666667
267,0.10300000000000002
268,0.11166666666666665
269,0.12066666666666666
270,0.12033333333333333
271,0.10666666666666667
272,0.10433333333333333
273,0.10000000000000002
274,0.11466666666666665
275,0.11666666666666665
276,0.106
277,0.10899999999999999
278,0.10766666666666665
279,0.11233333333333334
280,0.118
281,0.12
282,0.12
283,0.12066666666666666
284,0.118
285,0.10833333333333334
286,0.11066666666666668
287,0.11233333333333333
288,0.10933333333333332
289,0.11199999999999999
290,0.12566666666666668
291,0.128
292,0.13633333333333333
293,0.13433333333333333
294,0.13033333333333333
295,0.14633333333333332
296,0.133
297,0.139
298,0.12966666666666668
299,0.11833333333333333
300,0.10666666666666667
301,0.104
302,0.11066666666666665
303,0.111
304,0.11966666666666666
305,0.10966666666666668
306,0.11699999999999999
307,0.129
308,0.131
309,0.1426666666666667
310,0.12733333333333333
311,0.139
312,0.12833333333333333
313,0.124
314,0.11533333333333333
315,0.11266666666666665
316,0.11166666666666668
317,0.106
318,0.11033333333333334
319,0.121
320,0.12066666666666666
321,0.14200000000000002
322,0.1476666666666667
323,0.1376666666666667
324,0.118
325,0.12766666666666668
326,0.13166666666666668
327,0.153
328,0.15166666666666664
329,0.12533333333333332
330,0.11666666666666665
331,0.125
332,0.13366666666666668
333,0.15966666666666665
334,0.14700000000000002
335,0.11166666666666668
336,0.10333333333333333
337,0.10533333333333333
338,0.102
339,0.11266666666666665
340,0.10733333333333334
341,0.10000000000000002
342,0.10233333333333335
343,0.104
344,0.10466666666666667
345,0.11133333333333334
346,0.11066666666666665
347,0.12266666666666666
348,0.11166666666666665
349,0.11066666666666668
350,0.11566666666666665
351,0.12
352,0.13266666666666668
353,0.13133333333333333
354,0.14433333333333334
355,0.14533333333333334
356,0.132
357,0.12933333333333333
358,0.13933333333333334
359,0.14200000000000002
360,0.139
361,0.132
362,0.11466666666666665
363,0.12066666666666666
364,0.12266666666666666
365,0.11499999999999999
366,0.114
367,0.104
368,0.107
369,0.119
370,0.10233333333333333
371,0.11133333333333333
372,0.12166666666666666
373,0.13466666666666668
374,0.124
375,0.121
376,0.136
377,0.12666666666666668
378,0.102
379,0.09266666666666667
380,0.09666666666666668
381,0.10033333333333333
382,0.106
383,0.09433333333333334
384,0.09566666666666668
385,0.09466666666666668
386,0.09166666666666667
387,0.09400000000000001
388,0.09266666666666667
389,0.09666666666666668
390,0.09933333333333334
391,0.10433333333333333
392,0.11199999999999999
393,0.11866666666666666
394,0.108
395,0.10733333333333334
396,0.11866666666666666
397,0.11599999999999999
398,0.10533333333333333
399,0.11133333333333334
400,0.12266666666666666
401,0.15733333333333333
402,0.13066666666666668
403,0.135
404,0.13166666666666668
405,0.11833333333333333
406,0.106
407,0.10966666666666665
408,0.11566666666666665
409,0.10866666666666665
410,0.10200000000000002
411,0.09833333333333334
412,0.10233333333333333
413,0.10766666666666667
414,0.11566666666666665
415,0.13
416,0.1366666666666667
417,0.10966666666666668
418,0.10266666666666667
419,0.09700000000000002
420,0.09666666666666668
421,0.09333333333333334
422,0.09566666666666668
423,0.09833333333333334
424,0.10533333333333333
425,0.114
426,0.12133333333333333
427,0.14800000000000002
428,0.16599999999999998
429,0.15166666666666664
430,0.132
431,0.15500000000000003
432,0.19733333333333333
433,0.22666666666666666
434,0.2543333333333333
435,0.23866666666666667
436,0.20033333333333334
437,0.1723333333333333
438,0.1506666666666667
439,0.11866666666666666
440,0.119
441,0.11166666666666665
442,0.11299999999999999
443,0.12133333333333333
444,0.12666666666666668
445,0.136
446,0.16
447,0.149
448,0.13033333333333333
449,0.11699999999999999
450,0.11466666666666668
451,0.10833333333333334
452,0.10833333333333334
453,0.11
454,0.11433333333333333
455,0.122
456,0.13566666666666669
457,0.1456666666666667
458,0.158
459,0.17566666666666667
460,0.18066666666666667
461,0.18633333333333335
462,0.2323333333333333
463,0.2853333333333333
464,0.357
465,0.38833333333333336
466,0.363
467,0.3433333333333333
468,0.2833333333333334
469,0.37333333333333335
470,0.40266666666666673
471,0.3996666666666666
472,0.37600000000000006
473,0.3546666666666667
474,0.318
475,0.267
476,0.21066666666666667
477,0.17566666666666667
478,0.154
479,0.1376666666666667
480,0.12866666666666668
481,0.12966666666666668
482,0.13033333333333333
483,0.126
484,0.1436666666666667
485,0.132
486,0.16133333333333333
487,0.18966666666666665
488,0.19833333333333333
489,0.18666666666666668
490,0.16966666666666666
491,0.14833333333333334
492,0.131
493,0.12466666666666666
494,0.11699999999999999
495,0.10966666666666668
496,0.10300000000000002
497,0.09566666666666668
498,0.09100000000000001
499,0.09066666666666667
500,0.09033333333333333
501,0.09700000000000002
502,0.09933333333333334
503,0.09766666666666667
504,0.10099999999999999
505,0.10633333333333334
506,0.11266666666666668
507,0.12833333333333333
508,0.11966666666666666
509,0.11
510,0.10266666666666667
511,0.11266666666666668
512,0.10066666666666668
513,0.10033333333333334
514,0.12066666666666666
515,0.14100000000000001
516,0.1426666666666667
517,0.15966666666666665
518,0.137
519,0.133
520,0.138
521,0.12933333333333333
522,0.13066666666666668
523,0.12033333333333333
524,0.12266666666666666
525,0.124
526,0.111
527,0.106
528,0.10533333333333333
529,0.10566666666666667
530,0.10266666666666667
531,0.09733333333333334
532,0.10366666666666667
533,0.11266666666666665
534,0.104
535,0.10666666666666667
536,0.10933333333333334
537,0.10466666666666667
538,0.10033333333333334
539,0.09800000000000002
540,0.09766666666666668
541,0.10433333333333333
542,0.11666666666666665
543,0.10733333333333334
544,0.12133333333333333
545,0.11033333333333334
546,0.12366666666666666
547,0.10733333333333334
548,0.11766666666666666
549,0.13166666666666668
550,0.12733333333333333
551,0.10333333333333333
552,0.09866666666666667
553,0.08600000000000001
554,0.08466666666666667
555,0.08533333333333333
556,0.09166666666666667
557,0.10933333333333332
558,0.10533333333333333
559,0.09533333333333334
560,0.09466666666666668
561,0.09066666666666667
562,0.08933333333333333
563,0.08600000000000001
564,0.08733333333333333
565,0.09633333333333334
566,0.10533333333333333
567,0.12033333333333333
568,0.13633333333333333
569,0.1416666666666667
570,0.12866666666666668
571,0.118
572,0.09866666666666668
573,0.09566666666666668
574,0.09000000000000001
575,0.09066666666666667
576,0.09433333333333334
577,0.09833333333333334
578,0.102
579,0.10833333333333334
580,0.10533333333333333
581,0.11066666666666668
582,0.10266666666666667
583,0.09700000000000002
584,0.09700000000000002
585,0.09800000000000002
586,0.10633333333333334
587,0.12
588,0.13233333333333333
589,0.14633333333333332
590,0.15566666666666665
591,0.18200000000000002
592,0.19133333333333336
593,0.164
594,0.16733333333333333
595,0.1413333333333333
596,0.11733333333333333
597,0.105
598,0.09633333333333334
599,0.09300000000000001
600,0.09300000000000001
601,0.09666666666666668
602,0.10766666666666667
603,0.10933333333333334
604,0.11499999999999999
605,0.11833333333333333
606,0.148
607,0.155
608,0.15566666666666665
609,0.19133333333333336
610,0.22799999999999998
611,0.26166666666666666
612,0.2723333333333333
613,0.2916666666666667
614,0.3026666666666667
615,0.30466666666666664
616,0.26466666666666666
617,0.22366666666666668
618,0.21433333333333335
619,0.20200000000000004
620,0.19000000000000003
621,0.18666666666666668
622,0.19066666666666665
623,0.21666666666666667
624,0.25166666666666665
625,0.24666666666666667
626,0.26166666666666666
627,0.239
628,0.19866666666666669
629,0.1496666666666667
630,0.123
631,0.11499999999999999
632,0.11299999999999999
633,0.11633333333333333
634,0.121
635,0.124
636,0.105
637,0.09566666666666666
638,0.09666666666666666
639,0.10566666666666667
640,0.11499999999999999
641,0.11733333333333333
642,0.129
643,0.12933333333333333
644,0.134
645,0.14566666666666664
646,0.1436666666666667
647,0.13433333333333333
648,0.12933333333333333
649,0.125
650,0.11233333333333333
651,0.11733333333333333
652,0.10866666666666668
653,0.109
654,0.11133333333333334
655,0.10533333333333333
656,0.09966666666666667
657,0.09866666666666667
658,0.09700000000000002
659,0.09833333333333334
660,0.10566666666666667
661,0.11766666666666666
662,0.12666666666666668
663,0.148
664,0.19166666666666665
665,0.23866666666666667
666,0.30800000000000005
667,0.35800000000000004
668,0.3906666666666667
669,0.4366666666666667
670,0.446
671,0.5183333333333333
672,0.6463333333333333
673,0.8006666666666665
674,0.7663333333333333
675,0.5599999999999999
676,0.37433333333333335
677,0.24433333333333332
678,0.18099999999999997
679,0.15066666666666664
680,0.12433333333333334
681,0.12
682,0.107
683,0.107
684,0.107
685,0.10766666666666667
686,0.11866666666666666
687,0.11666666666666665
688,0.126
689,0.142
690,0.12966666666666668
691,0.12533333333333332
692,0.135
693,0.13133333333333333
694,0.13833333333333334
695,0.126
696,0.121
697,0.123
698,0.11833333333333333
699,0.11533333333333333
700,0.106
701,0.108
702,0.10666666666666667
703,0.109
704,0.11599999999999999
705,0.11599999999999999
706,0.107
707,0.11199999999999999
708,0.105
709,0.10666666666666665
710,0.10166666666666668
711,0.10633333333333334
712,0.09766666666666668
713,0.08766666666666667
714,0.08800000000000001
715,0.08266666666666667
716,0.08600000000000001
717,0.07866666666666666
718,0.07733333333333332
719,0.08333333333333333
720,0.09033333333333333
721,0.08866666666666667
722,0.09300000000000001
723,0.09733333333333334
724,0.08900000000000001
725,0.08800000000000001
726,0.08966666666666667
727,0.09500000000000001
728,0.08933333333333333
729,0.08166666666666667
730,0.08566666666666667
731,0.09066666666666667
732,0.11233333333333333
733,0.12666666666666668
734,0.11533333333333333
735,0.12866666666666668
736,0.12433333333333334
737,0.09800000000000002
738,0.10433333333333333
739,0.11733333333333333
740,0.10466666666666667
741,0.09566666666666668
742,0.10666666666666667
743,0.10566666666666667
744,0.09633333333333334
745,0.103
746,0.09466666666666668
747,0.08666666666666667
748,0.09000000000000001
749,0.09366666666666668
750,0.08800000000000001
751,0.085
752,0.09100000000000001
753,0.09433333333333334
754,0.08600000000000001
755,0.08433333333333333
756,0.09400000000000001
757,0.09433333333333334
758,0.08366666666666667
759,0.08766666666666667
760,0.09800000000000002
761,0.08766666666666667
762,0.08033333333333333
763,0.09433333333333334
764,0.09600000000000002
765,0.08266666666666667
766,0.08733333333333333
767,0.10033333333333333
768,0.09600000000000002
769,0.08266666666666667
770,0.09033333333333333
771,0.107
772,0.11533333333333333
773,0.10466666666666667
774,0.11366666666666665
775,0.12066666666666666
776,0.10333333333333333
777,0.10366666666666667
778,0.11966666666666666
779,0.13833333333333334
780,0.14766666666666664
781,0.167
782,0.16566666666666666
783,0.17200000000000001
784,0.16233333333333333
785,0.14
786,0.16166666666666665
787,0.14466666666666667
788,0.12233333333333334
789,0.12433333333333334
790,0.11433333333333333
791,0.12933333333333333
792,0.12633333333333333
793,0.11566666666666665
794,0.11933333333333333
795,0.13233333333333333
796,0.18566666666666665
797,0.25033333333333335
798,0.29266666666666663
799,0.26
800,0.26299999999999996
801,0.21133333333333335
802,0.15233333333333332
803,0.12333333333333334
804,0.11066666666666668
805,0.11666666666666665
806,0.10866666666666668
807,0.10133333333333333
808,0.11233333333333334
809,0.11966666666666666
810,0.11066666666666668
811,0.11499999999999999
812,0.12733333333333333
813,0.13033333333333333
814,0.131
815,0.157
816,0.16
817,0.16633333333333333
818,0.17266666666666666
819,0.18633333333333335
820,0.159
821,0.12666666666666668
822,0.126
823,0.119
824,0.11933333333333333
825,0.10933333333333334
826,0.126
827,0.12366666666666666
828,0.10766666666666665
829,0.11499999999999999
830,0.13066666666666668
831,0.12933333333333333
832,0.14066666666666666
833,0.144
834,0.154
835,0.14433333333333334
836,0.12766666666666668
837,0.12233333333333334
838,0.11199999999999999
839,0.09933333333333333
840,0.10166666666666667
841,0.09133333333333334
842,0.09000000000000001
843,0.09333333333333334
844,0.09533333333333334
845,0.09666666666666668
846,0.08600000000000001
847,0.09233333333333334
848,0.08933333333333333
849,0.09466666666666668
850,0.10433333333333335
851,0.09300000000000001
852,0.09700000000000002
853,0.09166666666666667
854,0.09566666666666668
855,0.10200000000000002
856,0.09966666666666668
857,0.09200000000000001
858,0.09166666666666667
859,0.09400000000000001
860,0.09266666666666667
861,0.08700000000000001
862,0.08666666666666667
863,0.09366666666666668
864,0.09066666666666667
865,0.08600000000000001
866,0.09000000000000001
867,0.09266666666666667
868,0.09166666666666667
869,0.09100000000000001
870,0.09433333333333334
871,0.09600000000000002
872,0.09666666666666668
873,0.09699999999999999
874,0.09966666666666667
875,0.10099999999999999
876,0.10166666666666668
877,0.121
878,0.13533333333333333
879,0.14500000000000002
880,0.13133333333333333
881,0.12233333333333334
882,0.10733333333333334
883,0.104
884,0.09666666666666668
885,0.10100000000000002
886,0.09966666666666668
887,0.104
888,0.09933333333333334
889,0.09166666666666667
890,0.09300000000000001
891,0.09433333333333334
892,0.09233333333333334
893,0.08833333333333333
894,0.09000000000000001
895,0.09600000000000002
896,0.10066666666666667
897,0.10466666666666667
898,0.10833333333333334
899,0.10466666666666667
900,0.11533333333333333
901,0.122
902,0.12766666666666668
903,0.12466666666666666
904,0.11566666666666665
905,0.128
906,0.13233333333333333
907,0.12766666666666668
908,0.12833333333333333
909,0.1396666666666667
910,0.13
911,0.11433333333333333
912,0.121
913,0.12433333333333334
914,0.11766666666666666
915,0.11299999999999999
916,0.12033333333333333
917,0.12833333333333333
918,0.122
919,0.123
920,0.13266666666666668
921,0.13333333333333333
922,0.126
923,0.12833333333333333
924,0.142
925,0.1436666666666667
926,0.136
927,0.154
928,0.16866666666666666
929,0.18033333333333332
930,0.19366666666666665
931,0.18100000000000002
932,0.15433333333333332
933,0.12
934,0.131
935,0.11966666666666666
936,0.10633333333333334
937,0.10733333333333334
938,0.106
939,0.103
940,0.10099999999999999
941,0.10166666666666667
942,0.09700000000000002
943,0.08966666666666667
944,0.09500000000000001
945,0.09666666666666668
946,0.08966666666666667
947,0.08866666666666667
948,0.09433333333333334
949,0.09166666666666667
950,0.08566666666666667
951,0.08966666666666667
952,0.09266666666666667
953,0.083
954,0.08566666666666667
955,0.08733333333333333
956,0.08266666666666667
957,0.08966666666666667
958,0.09533333333333334
959,0.121
960,0.10633333333333334
961,0.11166666666666665
962,0.09933333333333334
963,0.10233333333333333
964,0.09566666666666668
965,0.09700000000000002
966,0.10633333333333334
967,0.09566666666666668
968,0.08966666666666667
969,0.10166666666666667
970,0.107
971,0.10833333333333334
972,0.10566666666666667
973,0.13033333333333333
974,0.15266666666666667
975,0.15833333333333333
976,0.13166666666666668
977,0.10633333333333332
978,0.11133333333333333
979,0.10966666666666665
980,0.09433333333333334
981,0.08933333333333333
982,0.09366666666666668
983,0.09400000000000001
984,0.083
985,0.08166666666666667
986,0.08866666666666667
987,0.084
988,0.07966666666666666
989,0.08033333333333333
990,0.081
991,0.08066666666666666
992,0.07833333333333332
993,0.07666666666666666
994,0.07966666666666666
995,0.07933333333333333
996,0.07966666666666666
997,0.08133333333333333
998,0.085
999,0.08033333333333333
1000,0.085
1001,0.09366666666666668
1002,0.08666666666666667
1003,0.08333333333333333
1004,0.09366666666666668
1005,0.09400000000000001
1006,0.083
1007,0.08266666666666667
1008,0.08866666666666667
1009,0.08533333333333333
1010,0.081
1011,0.08466666666666667
1012,0.08466666666666667
1013,0.08033333333333333
1014,0.08133333333333333
1015,0.08333333333333333
1016,0.08466666666666667
1017,0.08466666666666667
1018,0.085
1019,0.082
1020,0.07566666666666667
1021,0.07833333333333332
1022,0.08666666666666667
1023,0.09733333333333333
1024,0.08633333333333333
1025,0.085
1026,0.09733333333333334
1027,0.09566666666666668
1028,0.10033333333333333
1029,0.09333333333333334
1030,0.08866666666666667
1031,0.081
1032,0.09600000000000002
1033,0.09866666666666668
1034,0.09400000000000001
1035,0.083
1036,0.078
1037,0.08166666666666667
1038,0.08433333333333333
1039,0.08066666666666666
1040,0.082
1041,0.08233333333333333
1042,0.083
1043,0.08566666666666667
1044,0.09200000000000001
1045,0.10000000000000002
1046,0.08933333333333333
1047,0.08833333333333333
1048,0.08166666666666667
1049,0.082
1050,0.079
1051,0.082
1052,0.082
1053,0.085
1054,0.08366666666666667
1055,0.08733333333333333
1056,0.09533333333333334
1057,0.10500000000000002
1058,0.11466666666666665
1059,0.12233333333333334
1060,0.12466666666666666
1061,0.12166666666666666
1062,0.11466666666666668
1063,0.115
1064,0.11366666666666668
1065,0.11
1066,0.119
1067,0.122
1068,0.12366666666666666
1069,0.139
1070,0.157
1071,0.19099999999999998
1072,0.2283333333333333
1073,0.20933333333333337
1074,0.17299999999999996
1075,0.1476666666666667
1076,0.14133333333333334
1077,0.12766666666666668
1078,0.133
1079,0.148
1080,0.14633333333333334
1081,0.12166666666666666
1082,0.107
1083,0.11133333333333334
1084,0.11366666666666668
1085,0.12733333333333333
1086,0.15833333333333333
1087,0.19533333333333336
1088,0.20000000000000004
1089,0.166
1090,0.135
1091,0.12566666666666668
1092,0.11866666666666666
1093,0.11666666666666665
1094,0.118
1095,0.12
1096,0.12166666666666666
1097,0.12266666666666666
1098,0.121
1099,0.1386666666666667
1100,0.14366666666666666
1101,0.1446666666666667
1102,0.151
1103,0.14633333333333332
1104,0.16266666666666665
1105,0.18466666666666667
1106,0.19233333333333333
1107,0.16366666666666665
1108,0.15033333333333332
1109,0.15966666666666665
1110,0.15866666666666665
1111,0.16066666666666665
1112,0.17166666666666666
1113,0.17133333333333334
1114,0.16266666666666665
1115,0.18033333333333332
1116,0.167
1117,0.15033333333333335
1118,0.168
1119,0.16333333333333333
1120,0.14600000000000002
1121,0.15633333333333332
1122,0.18733333333333335
1123,0.22
1124,0.26433333333333336
1125,0.31966666666666665
1126,0.4083333333333334
1127,0.5323333333333333
1128,0.6966666666666667
