1,0.3873333333333333
2,0.2866666666666667
3,0.23199999999999998
4,0.23566666666666666
5,0.2303333333333333
6,0.22766666666666666
7,0.25633333333333336
8,0.2753333333333333
9,0.26533333333333337
10,0.3066666666666667
11,0.2776666666666667
12,0.25233333333333335
13,0.25
14,0.22399999999999998
15,0.18433333333333335
16,0.17200000000000001
17,0.16233333333333333
18,0.15766666666666665
19,0.147
20,0.142
21,0.132
22,0.12466666666666666
23,0.11866666666666666
24,0.11133333333333333
25,0.10466666666666667
26,0.105
27,0.11666666666666665
28,0.11566666666666665
29,0.11566666666666665
30,0.106
31,0.10333333333333333
32,0.10899999999999999
33,0.12
34,0.129
35,0.13066666666666668
36,0.13033333333333333
37,0.12633333333333333
38,0.12966666666666668
39,0.13033333333333333
40,0.13266666666666668
41,0.122
42,0.11599999999999999
43,0.11233333333333333
44,0.11866666666666666
45,0.12566666666666668
46,0.12966666666666668
47,0.14433333333333334
48,0.15233333333333335
49,0.15766666666666665
50,0.14633333333333334
51,0.15066666666666667
52,0.15333333333333335
53,0.154
54,0.17166666666666666
55,0.18266666666666667
56,0.20766666666666667
57,0.2363333333333333
58,0.288
59,0.36833333333333335
60,0.431
61,0.478
62,0.4713333333333333
63,0.357
64,0.2933333333333333
65,0.239
66,0.204
67,0.18500000000000003
68,0.17266666666666666
69,0.16133333333333333
70,0.16266666666666665
71,0.14766666666666664
72,0.14066666666666666
73,0.1376666666666667
74,0.12366666666666666
75,0.13366666666666668
76,0.136
77,0.11933333333333333
78,0.11533333333333334
79,0.112
80,0.11266666666666668
81,0.12033333333333333
82,0.13133333333333333
83,0.14433333333333334
84,0.15433333333333335
85,0.17633333333333334
86,0.18566666666666667
87,0.16566666666666666
88,0.158
89,0.13933333333333334
90,0.13499999999999998
91,0.127
92,0.11933333333333333
93,0.12233333333333334
94,0.118
95,0.13033333333333333
96,0.15266666666666664
97,0.17600000000000002
98,0.163
99,0.18500000000000003
100,0.20033333333333334
101,0.2006666666666667
102,0.17033333333333334
103,0.14366666666666666
104,0.13033333333333333
105,0.121
106,0.122
107,0.11966666666666666
108,0.13266666666666668
109,0.14566666666666667
110,0.17133333333333334
111,0.20333333333333334
112,0.19566666666666666
113,0.16966666666666666
114,0.148
115,0.14133333333333334
116,0.13033333333333333
117,0.134
118,0.132
119,0.144
120,0.15366666666666665
121,0.15533333333333332
122,0.17366666666666666
123,0.167
124,0.17933333333333334
125,0.19666666666666668
126,0.17766666666666667
127,0.16333333333333333
128,0.167
129,0.17066666666666666
130,0.19033333333333335
131,0.19699999999999998
132,0.2293333333333333
133,0.26766666666666666
134,0.313
135,0.38399999999999995
136,0.43
137,0.39399999999999996
138,0.36933333333333335
139,0.305
140,0.252
141,0.2323333333333333
142,0.20633333333333334
143,0.221
144,0.20833333333333334
145,0.18200000000000002
146,0.17733333333333334
147,0.159
148,0.16666666666666666
149,0.19000000000000003
150,0.18533333333333335
151,0.17266666666666666
152,0.17633333333333334
153,0.17033333333333334
154,0.16066666666666665
155,0.16466666666666666
156,0.149
157,0.14966666666666667
158,0.152
159,0.15833333333333333
160,0.17
161,0.19099999999999998
162,0.18766666666666665
163,0.19066666666666668
164,0.20566666666666666
165,0.21366666666666667
166,0.22699999999999998
167,0.24666666666666667
168,0.26566666666666666
169,0.2903333333333334
170,0.26733333333333337
171,0.2826666666666667
172,0.26
173,0.22266666666666665
174,0.18600000000000003
175,0.17933333333333334
176,0.16
177,0.13866666666666666
178,0.12566666666666668
179,0.112
180,0.10433333333333333
181,0.09900000000000002
182,0.10366666666666667
183,0.11166666666666668
184,0.12
185,0.14333333333333334
186,0.17400000000000002
187,0.151
188,0.129
189,0.11333333333333333
190,0.10766666666666667
191,0.09933333333333333
192,0.09799999999999999
193,0.10666666666666667
194,0.11666666666666665
195,0.12933333333333333
196,0.145
197,0.171
198,0.17800000000000002
199,0.21466666666666667
200,0.21566666666666667
201,0.24833333333333332
202,0.23933333333333331
203,0.205
204,0.18200000000000002
205,0.18066666666666667
206,0.17899999999999996
207,0.17233333333333334
208,0.14933333333333335
209,0.14133333333333334
210,0.11766666666666666
211,0.10266666666666667
212,0.10433333333333333
213,0.11099999999999999
214,0.12533333333333332
215,0.147
216,0.12733333333333333
217,0.126
218,0.13666666666666666
219,0.135
220,0.13966666666666666
221,0.13666666666666666
222,0.14033333333333334
223,0.12566666666666668
224,0.134
225,0.13266666666666668
226,0.126
227,0.12966666666666668
228,0.131
229,0.13666666666666666
230,0.15033333333333335
231,0.165
232,0.18433333333333335
233,0.20666666666666667
234,0.24733333333333332
235,0.31033333333333335
236,0.39466666666666667
237,0.49400000000000005
238,0.5459999999999999
239,0.6676666666666667
240,0.7143333333333333
241,0.6866666666666666
242,0.6103333333333333
243,0.5193333333333333
244,0.4256666666666667
245,0.30466666666666664
246,0.252
247,0.22766666666666668
248,0.21433333333333335
249,0.21533333333333335
250,0.19499999999999998
251,0.17166666666666666
252,0.15666666666666668
253,0.13433333333333333
254,0.13333333333333333
255,0.128
256,0.13
257,0.125
258,0.11766666666666666
259,0.125
260,0.12866666666666668
261,0.12433333333333334
262,0.12566666666666668
263,0.119
264,0.11966666666666666
265,0.11666666666666665
266,0.11733333333333333
267,0.11366666666666665
268,0.127
269,0.14
270,0.138
271,0.121
272,0.12033333333333333
273,0.11233333333333333
274,0.12866666666666668
275,0.12933333333333333
276,0.12133333333333333
277,0.126
278,0.12466666666666666
279,0.12933333333333333
280,0.138
281,0.138
282,0.13933333333333334
283,0.13899999999999998
284,0.13633333333333333
285,0.124
286,0.13033333333333333
287,0.13366666666666668
288,0.12733333333333333
289,0.12966666666666668
290,0.145
291,0.14766666666666667
292,0.14733333333333334
293,0.14200000000000002
294,0.14
295,0.15566666666666665
296,0.1396666666666667
297,0.14266666666666666
298,0.12866666666666668
299,0.11866666666666666
300,0.109
301,0.10966666666666668
302,0.11866666666666666
303,0.12733333333333333
304,0.14500000000000002
305,0.12766666666666668
306,0.13366666666666668
307,0.15300000000000002
308,0.1426666666666667
309,0.1566666666666667
310,0.14200000000000002
311,0.16333333333333333
312,0.14833333333333332
313,0.1386666666666667
314,0.13033333333333333
315,0.12866666666666668
316,0.125
317,0.11966666666666666
318,0.124
319,0.13466666666666668
320,0.12733333333333333
321,0.14566666666666667
322,0.14966666666666667
323,0.14233333333333334
324,0.12333333333333334
325,0.133
326,0.134
327,0.15933333333333333
328,0.15833333333333333
329,0.13066666666666668
330,0.12633333333333333
331,0.1366666666666667
332,0.14533333333333334
333,0.17033333333333334
334,0.15833333333333333
335,0.12133333333333333
336,0.11366666666666665
337,0.11499999999999999
338,0.11299999999999999
339,0.12333333333333334
340,0.12133333333333333
341,0.109
342,0.11166666666666668
343,0.112
344,0.11599999999999999
345,0.118
346,0.11666666666666665
347,0.12433333333333334
348,0.119
349,0.11633333333333333
350,0.119
351,0.124
352,0.13833333333333334
353,0.14233333333333334
354,0.15433333333333332
355,0.152
356,0.142
357,0.14966666666666664
358,0.15666666666666665
359,0.157
360,0.1446666666666667
361,0.1436666666666667
362,0.124
363,0.12866666666666668
364,0.13033333333333333
365,0.11833333333333333
366,0.12233333333333334
367,0.113
368,0.11566666666666665
369,0.12766666666666668
370,0.118
371,0.12533333333333332
372,0.13233333333333333
373,0.1443333333333333
374,0.13366666666666668
375,0.12966666666666668
376,0.14800000000000002
377,0.14400000000000002
378,0.11333333333333334
379,0.10633333333333334
380,0.10566666666666667
381,0.11366666666666665
382,0.118
383,0.10333333333333333
384,0.10133333333333333
385,0.10166666666666668
386,0.09966666666666668
387,0.09866666666666668
388,0.09866666666666668
389,0.10266666666666668
390,0.105
391,0.11199999999999999
392,0.11533333333333333
393,0.124
394,0.11299999999999999
395,0.10799999999999998
396,0.12166666666666666
397,0.12
398,0.10899999999999999
399,0.11433333333333333
400,0.12133333333333333
401,0.13866666666666666
402,0.13
403,0.13933333333333334
404,0.13866666666666666
405,0.125
406,0.11666666666666665
407,0.119
408,0.126
409,0.11966666666666666
410,0.11133333333333333
411,0.10633333333333334
412,0.11
413,0.11433333333333333
414,0.126
415,0.13433333333333333
416,0.1396666666666667
417,0.11933333333333333
418,0.112
419,0.10466666666666667
420,0.10166666666666667
421,0.10099999999999999
422,0.10166666666666667
423,0.10466666666666667
424,0.11333333333333333
425,0.11866666666666666
426,0.13
427,0.15766666666666665
428,0.18066666666666667
429,0.163
430,0.1426666666666667
431,0.165
432,0.20866666666666667
433,0.24633333333333332
434,0.28200000000000003
435,0.272
436,0.23066666666666666
437,0.19733333333333333
438,0.17099999999999996
439,0.131
440,0.13433333333333333
441,0.12366666666666666
442,0.12833333333333333
443,0.138
444,0.14566666666666667
445,0.15166666666666664
446,0.17633333333333331
447,0.16166666666666665
448,0.1396666666666667
449,0.12766666666666668
450,0.13066666666666668
451,0.12533333333333332
452,0.12533333333333332
453,0.12633333333333333
454,0.12933333333333333
455,0.13266666666666668
456,0.147
457,0.16133333333333333
458,0.18400000000000002
459,0.20000000000000004
460,0.20333333333333334
461,0.21666666666666667
462,0.2743333333333333
463,0.3313333333333333
464,0.419
465,0.45933333333333337
466,0.4426666666666667
467,0.4086666666666667
468,0.33966666666666673
469,0.4346666666666667
470,0.4686666666666666
471,0.4713333333333334
472,0.435
473,0.4136666666666667
474,0.365
475,0.3
476,0.24
477,0.19966666666666666
478,0.17633333333333334
479,0.158
480,0.145
481,0.14333333333333334
482,0.14133333333333334
483,0.1376666666666667
484,0.16
485,0.14300000000000002
486,0.169
487,0.19699999999999998
488,0.20566666666666666
489,0.19799999999999998
490,0.18266666666666667
491,0.165
492,0.144
493,0.13433333333333333
494,0.12733333333333333
495,0.11499999999999999
496,0.10566666666666667
497,0.10366666666666668
498,0.09733333333333334
499,0.09700000000000002
500,0.09566666666666668
501,0.09866666666666668
502,0.10266666666666668
503,0.10433333333333333
504,0.11166666666666668
505,0.11933333333333333
506,0.12833333333333333
507,0.152
508,0.134
509,0.12466666666666666
510,0.11533333333333333
511,0.12666666666666668
512,0.11033333333333334
513,0.11466666666666665
514,0.13366666666666668
515,0.15333333333333335
516,0.151
517,0.16766666666666666
518,0.15266666666666664
519,0.14766666666666664
520,0.157
521,0.14600000000000002
522,0.14533333333333334
523,0.137
524,0.1376666666666667
525,0.1386666666666667
526,0.126
527,0.122
528,0.12033333333333333
529,0.11533333333333333
530,0.114
531,0.10966666666666668
532,0.11399999999999999
533,0.13033333333333333
534,0.124
535,0.12233333333333334
536,0.12366666666666666
537,0.11966666666666666
538,0.11066666666666668
539,0.11233333333333333
540,0.11233333333333334
541,0.12266666666666666
542,0.13233333333333333
543,0.13166666666666668
544,0.158
545,0.13466666666666668
546,0.14733333333333334
547,0.12233333333333334
548,0.137
549,0.15333333333333332
550,0.14966666666666667
551,0.12066666666666666
552,0.11499999999999999
553,0.102
554,0.10000000000000002
555,0.10133333333333334
556,0.11433333333333334
557,0.13599999999999998
558,0.12733333333333333
559,0.11733333333333333
560,0.119
561,0.10766666666666667
562,0.127
563,0.102
564,0.09999999999999999
565,0.11066666666666668
566,0.11699999999999999
567,0.13066666666666668
568,0.154
569,0.15433333333333332
570,0.14133333333333334
571,0.13366666666666668
572,0.11466666666666665
573,0.11066666666666668
574,0.10766666666666667
575,0.10466666666666667
576,0.10966666666666668
577,0.11266666666666665
578,0.11833333333333333
579,0.122
580,0.11933333333333333
581,0.118
582,0.11433333333333333
583,0.10833333333333334
584,0.105
585,0.105
586,0.10833333333333334
587,0.11966666666666666
588,0.13166666666666668
589,0.14833333333333334
590,0.16433333333333333
591,0.18633333333333332
592,0.20299999999999999
593,0.17266666666666666
594,0.1743333333333333
595,0.14633333333333332
596,0.124
597,0.11266666666666665
598,0.106
599,0.102
600,0.106
601,0.11333333333333333
602,0.12833333333333333
603,0.12833333333333333
604,0.129
605,0.13166666666666668
606,0.16566666666666666
607,0.17533333333333334
608,0.17533333333333334
609,0.21633333333333335
610,0.26366666666666666
611,0.29533333333333334
612,0.31033333333333335
613,0.34400000000000003
614,0.3423333333333333
615,0.33499999999999996
616,0.2896666666666667
617,0.2533333333333333
618,0.24033333333333337
619,0.231
620,0.21833333333333335
621,0.22266666666666665
622,0.2273333333333333
623,0.2523333333333333
624,0.2896666666666667
625,0.285
626,0.2956666666666667
627,0.27999999999999997
628,0.22933333333333336
629,0.17400000000000002
630,0.13333333333333333
631,0.12133333333333333
632,0.11933333333333333
633,0.12266666666666666
634,0.12566666666666668
635,0.13266666666666668
636,0.11366666666666665
637,0.10333333333333333
638,0.10433333333333333
639,0.11633333333333333
640,0.12533333333333332
641,0.125
642,0.13833333333333334
643,0.13733333333333334
644,0.14333333333333334
645,0.157
646,0.15300000000000002
647,0.1406666666666667
648,0.13433333333333333
649,0.12866666666666668
650,0.114
651,0.11933333333333333
652,0.112
653,0.10966666666666668
654,0.111
655,0.105
656,0.10000000000000002
657,0.09766666666666668
658,0.09500000000000001
659,0.09933333333333334
660,0.11033333333333334
661,0.12166666666666666
662,0.13166666666666668
663,0.16133333333333333
664,0.2213333333333333
665,0.26599999999999996
666,0.347
667,0.412
668,0.4673333333333334
669,0.5406666666666666
670,0.547
671,0.6253333333333334
672,0.7376666666666667
673,0.8723333333333333
674,0.827
675,0.6173333333333334
676,0.4183333333333333
677,0.2733333333333333
678,0.20099999999999998
679,0.16366666666666665
680,0.129
681,0.12433333333333334
682,0.111
683,0.109
684,0.10766666666666667
685,0.10633333333333334
686,0.11833333333333333
687,0.12166666666666666
688,0.13566666666666669
689,0.14933333333333335
690,0.13833333333333334
691,0.135
692,0.1446666666666667
693,0.14233333333333334
694,0.16166666666666665
695,0.14266666666666666
696,0.13833333333333334
697,0.136
698,0.13866666666666666
699,0.13
700,0.11833333333333333
701,0.11766666666666666
702,0.11566666666666665
703,0.11699999999999999
704,0.12733333333333333
705,0.12466666666666666
706,0.11766666666666666
707,0.12266666666666666
708,0.11366666666666665
709,0.11566666666666665
710,0.11299999999999999
711,0.13833333333333334
712,0.10366666666666667
713,0.09566666666666668
714,0.09533333333333334
715,0.09200000000000001
716,0.09166666666666667
717,0.08866666666666667
718,0.08666666666666667
719,0.09133333333333334
720,0.09533333333333334
721,0.08733333333333333
722,0.10166666666666668
723,0.10333333333333333
724,0.09766666666666668
725,0.09566666666666668
726,0.09533333333333334
727,0.09766666666666668
728,0.09500000000000001
729,0.08666666666666667
730,0.08766666666666667
731,0.09433333333333334
732,0.11433333333333333
733,0.14033333333333334
734,0.123
735,0.1386666666666667
736,0.12833333333333333
737,0.09866666666666668
738,0.11233333333333333
739,0.12566666666666668
740,0.11133333333333334
741,0.09999999999999999
742,0.11399999999999999
743,0.11
744,0.09733333333333334
745,0.10566666666666667
746,0.104
747,0.09700000000000002
748,0.09766666666666668
749,0.10233333333333333
750,0.09866666666666667
751,0.09633333333333334
752,0.10000000000000002
753,0.10066666666666667
754,0.09733333333333334
755,0.09466666666666668
756,0.10133333333333333
757,0.103
758,0.09100000000000001
759,0.09066666666666667
760,0.09933333333333334
761,0.09200000000000001
762,0.08333333333333333
763,0.08800000000000001
764,0.08933333333333333
765,0.08900000000000001
766,0.08933333333333333
767,0.09466666666666668
768,0.09600000000000002
769,0.09033333333333333
770,0.09733333333333334
771,0.11433333333333333
772,0.12166666666666666
773,0.10866666666666668
774,0.11966666666666666
775,0.12333333333333334
776,0.109
777,0.113
778,0.12733333333333333
779,0.15066666666666664
780,0.15333333333333332
781,0.16733333333333333
782,0.17200000000000001
783,0.19166666666666665
784,0.17133333333333334
785,0.14833333333333332
786,0.17133333333333334
787,0.16
788,0.136
789,0.142
790,0.12966666666666668
791,0.14266666666666666
792,0.1386666666666667
793,0.12666666666666668
794,0.13333333333333333
795,0.152
796,0.20033333333333334
797,0.2846666666666667
798,0.32466666666666666
799,0.28933333333333333
800,0.304
801,0.23466666666666666
802,0.18600000000000003
803,0.14733333333333334
804,0.12433333333333334
805,0.12866666666666668
806,0.119
807,0.11433333333333333
808,0.131
809,0.13433333333333333
810,0.124
811,0.12633333333333333
812,0.14400000000000002
813,0.14433333333333334
814,0.1406666666666667
815,0.16566666666666666
816,0.18400000000000002
817,0.18866666666666668
818,0.20366666666666666
819,0.215
820,0.19066666666666668
821,0.15766666666666665
822,0.15000000000000002
823,0.14233333333333334
824,0.138
825,0.12533333333333332
826,0.1443333333333333
827,0.14533333333333334
828,0.128
829,0.13733333333333334
830,0.163
831,0.17400000000000002
832,0.17933333333333334
833,0.19299999999999998
834,0.22466666666666665
835,0.19033333333333333
836,0.161
837,0.15966666666666665
838,0.142
839,0.123
840,0.12466666666666666
841,0.10966666666666665
842,0.10333333333333333
843,0.10699999999999998
844,0.10733333333333332
845,0.107
846,0.09766666666666668
847,0.11099999999999999
848,0.10133333333333333
849,0.10133333333333334
850,0.10533333333333333
851,0.09066666666666667
852,0.08900000000000001
853,0.09500000000000001
854,0.10833333333333334
855,0.10966666666666668
856,0.10933333333333334
857,0.09766666666666668
858,0.09400000000000001
859,0.10266666666666667
860,0.10033333333333334
861,0.09400000000000001
862,0.09899999999999999
863,0.10366666666666667
864,0.09833333333333334
865,0.09766666666666668
866,0.102
867,0.10300000000000002
868,0.10366666666666668
869,0.10433333333333333
870,0.107
871,0.106
872,0.10533333333333333
873,0.111
874,0.11166666666666665
875,0.11399999999999999
876,0.11433333333333333
877,0.1416666666666667
878,0.16333333333333333
879,0.17400000000000002
880,0.15233333333333335
881,0.13533333333333333
882,0.12266666666666666
883,0.113
884,0.109
885,0.11033333333333334
886,0.11133333333333333
887,0.11733333333333333
888,0.11066666666666668
889,0.10433333333333333
890,0.10333333333333333
891,0.10666666666666667
892,0.10366666666666667
893,0.09899999999999999
894,0.10233333333333333
895,0.10966666666666665
896,0.11333333333333333
897,0.118
898,0.12433333333333334
899,0.12
900,0.12733333333333333
901,0.13566666666666669
902,0.14466666666666667
903,0.13833333333333334
904,0.128
905,0.13566666666666669
906,0.138
907,0.1386666666666667
908,0.1396666666666667
909,0.15233333333333332
910,0.1416666666666667
911,0.12766666666666668
912,0.134
913,0.13933333333333334
914,0.13166666666666668
915,0.12466666666666666
916,0.132
917,0.1396666666666667
918,0.134
919,0.13333333333333333
920,0.14733333333333334
921,0.14533333333333334
922,0.13333333333333333
923,0.14133333333333334
924,0.154
925,0.151
926,0.147
927,0.16933333333333334
928,0.18633333333333332
929,0.19200000000000003
930,0.21366666666666667
931,0.20466666666666666
932,0.17366666666666666
933,0.13733333333333334
934,0.147
935,0.13366666666666668
936,0.11933333333333333
937,0.12466666666666666
938,0.12366666666666666
939,0.12266666666666666
940,0.11833333333333333
941,0.11499999999999999
942,0.10966666666666668
943,0.10466666666666667
944,0.10666666666666667
945,0.106
946,0.09933333333333334
947,0.09533333333333334
948,0.09966666666666667
949,0.09933333333333333
950,0.09233333333333334
951,0.09500000000000001
952,0.09800000000000002
953,0.09066666666666667
954,0.09700000000000002
955,0.10033333333333334
956,0.09233333333333334
957,0.09766666666666668
958,0.09933333333333334
959,0.127
960,0.11499999999999999
961,0.12566666666666668
962,0.11466666666666665
963,0.11399999999999999
964,0.10833333333333332
965,0.10866666666666665
966,0.126
967,0.11566666666666665
968,0.107
969,0.11699999999999999
970,0.12633333333333333
971,0.128
972,0.12566666666666668
973,0.149
974,0.17766666666666667
975,0.17833333333333332
976,0.148
977,0.11766666666666666
978,0.11866666666666666
979,0.11733333333333333
980,0.10133333333333333
981,0.09300000000000001
982,0.09533333333333334
983,0.09700000000000002
984,0.08833333333333333
985,0.08433333333333333
986,0.09066666666666667
987,0.08666666666666667
988,0.08033333333333333
989,0.084
990,0.08366666666666667
991,0.08333333333333333
992,0.08233333333333333
993,0.08233333333333333
994,0.08433333333333333
995,0.08166666666666667
996,0.08133333333333333
997,0.08700000000000001
998,0.08933333333333333
999,0.08533333333333333
1000,0.08933333333333333
1001,0.09633333333333334
1002,0.09166666666666667
1003,0.09066666666666667
1004,0.09733333333333334
1005,0.09833333333333334
1006,0.08933333333333333
1007,0.08766666666666667
1008,0.09433333333333334
1009,0.09000000000000001
1010,0.08566666666666667
1011,0.08866666666666667
1012,0.08633333333333333
1013,0.08266666666666667
1014,0.08566666666666667
1015,0.08566666666666667
1016,0.08366666666666667
1017,0.084
1018,0.08900000000000001
1019,0.08466666666666667
1020,0.08133333333333333
1021,0.084
1022,0.09533333333333334
1023,0.09899999999999999
1024,0.09666666666666666
1025,0.09866666666666667
1026,0.10733333333333334
1027,0.103
1028,0.10433333333333333
1029,0.10266666666666667
1030,0.09366666666666668
1031,0.08900000000000001
1032,0.11266666666666665
1033,0.11066666666666665
1034,0.10533333333333333
1035,0.09600000000000002
1036,0.09000000000000001
1037,0.09300000000000001
1038,0.09700000000000002
1039,0.08666666666666667
1040,0.09166666666666667
1041,0.09133333333333334
1042,0.09433333333333334
1043,0.10266666666666667
1044,0.10766666666666667
1045,0.10966666666666668
1046,0.104
1047,0.09866666666666668
1048,0.09366666666666668
1049,0.09433333333333334
1050,0.08666666666666667
1051,0.09133333333333334
1052,0.09400000000000001
1053,0.09566666666666668
1054,0.09633333333333334
1055,0.10166666666666668
1056,0.106
1057,0.11366666666666665
1058,0.12633333333333333
1059,0.134
1060,0.132
1061,0.13533333333333333
1062,0.12933333333333333
1063,0.13166666666666668
1064,0.135
1065,0.129
1066,0.138
1067,0.14466666666666667
1068,0.15033333333333332
1069,0.16466666666666666
1070,0.18299999999999997
1071,0.22366666666666668
1072,0.283
1073,0.26266666666666666
1074,0.20433333333333334
1075,0.17033333333333334
1076,0.164
1077,0.15066666666666664
1078,0.15266666666666664
1079,0.16833333333333333
1080,0.163
1081,0.1366666666666667
1082,0.12433333333333334
1083,0.131
1084,0.133
1085,0.146
1086,0.18200000000000002
1087,0.22366666666666668
1088,0.22799999999999998
1089,0.18966666666666665
1090,0.15733333333333333
1091,0.147
1092,0.13833333333333334
1093,0.13233333333333333
1094,0.131
1095,0.12833333333333333
1096,0.13266666666666668
1097,0.13066666666666668
1098,0.12933333333333333
1099,0.163
1100,0.16
1101,0.16266666666666665
1102,0.16966666666666666
1103,0.167
1104,0.18600000000000003
1105,0.206
1106,0.212
1107,0.18099999999999997
1108,0.17433333333333334
1109,0.18666666666666668
1110,0.18533333333333335
1111,0.19099999999999998
1112,0.20866666666666667
1113,0.20866666666666667
1114,0.18733333333333335
1115,0.20299999999999999
1116,0.19833333333333333
1117,0.17800000000000002
1118,0.19400000000000003
1119,0.19200000000000003
1120,0.17366666666666666
1121,0.18366666666666664
1122,0.21833333333333335
1123,0.259
1124,0.324
1125,0.38399999999999995
1126,0.49033333333333334
1127,0.6363333333333333
1128,0.8186666666666667
