1,0.26266666666666666
2,0.20466666666666666
3,0.16566666666666666
4,0.17066666666666666
5,0.17066666666666666
6,0.168
7,0.18933333333333335
8,0.19866666666666669
9,0.18433333333333332
10,0.21433333333333335
11,0.20333333333333337
12,0.19033333333333333
13,0.19799999999999998
14,0.18033333333333332
15,0.14066666666666666
16,0.12766666666666668
17,0.12233333333333334
18,0.11566666666666668
19,0.10933333333333334
20,0.109
21,0.10233333333333333
22,0.09866666666666668
23,0.09633333333333334
24,0.09366666666666668
25,0.08866666666666667
26,0.08666666666666667
27,0.09966666666666668
28,0.09366666666666668
29,0.09366666666666668
30,0.08666666666666667
31,0.08466666666666667
32,0.08600000000000001
33,0.09700000000000002
34,0.10366666666666667
35,0.10533333333333333
36,0.108
37,0.105
38,0.10533333333333333
39,0.10966666666666668
40,0.10566666666666667
41,0.10099999999999999
42,0.09266666666666667
43,0.08933333333333333
44,0.09266666666666667
45,0.09833333333333334
46,0.10066666666666668
47,0.10933333333333334
48,0.111
49,0.11433333333333333
50,0.10966666666666668
51,0.11166666666666668
52,0.11433333333333333
53,0.11333333333333334
54,0.12733333333333333
55,0.13466666666666668
56,0.15133333333333332
57,0.168
58,0.20733333333333334
59,0.272
60,0.319
61,0.36000000000000004
62,0.33
63,0.259
64,0.21066666666666667
65,0.17033333333333334
66,0.145
67,0.13166666666666668
68,0.123
69,0.11666666666666665
70,0.118
71,0.10933333333333334
72,0.10533333333333333
73,0.10333333333333333
74,0.09466666666666668
75,0.10466666666666667
76,0.106
77,0.09200000000000001
78,0.08633333333333333
79,0.08600000000000001
80,0.08800000000000001
81,0.09566666666666668
82,0.10166666666666667
83,0.11333333333333333
84,0.11733333333333333
85,0.13366666666666668
86,0.1376666666666667
87,0.12333333333333334
88,0.11766666666666666
89,0.10833333333333334
90,0.10666666666666667
91,0.10033333333333334
92,0.09066666666666667
93,0.09100000000000001
94,0.08966666666666667
95,0.10000000000000002
96,0.11433333333333333
97,0.13233333333333333
98,0.12533333333333332
99,0.14033333333333334
100,0.145
101,0.14733333333333334
102,0.13466666666666666
103,0.11
104,0.09533333333333334
105,0.09233333333333334
106,0.09433333333333334
107,0.09366666666666668
108,0.10433333333333333
109,0.11166666666666665
110,0.124
111,0.14633333333333334
112,0.14333333333333334
113,0.12533333333333332
114,0.11066666666666668
115,0.10933333333333334
116,0.10033333333333333
117,0.10533333333333333
118,0.09933333333333333
119,0.109
120,0.11366666666666665
121,0.117
122,0.12933333333333333
123,0.12333333333333334
124,0.132
125,0.144
126,0.13233333333333333
127,0.11933333333333333
128,0.12133333333333333
129,0.12366666666666666
130,0.14133333333333334
131,0.147
132,0.17
133,0.19299999999999998
134,0.22033333333333335
135,0.27233333333333337
136,0.3033333333333333
137,0.274
138,0.25433333333333336
139,0.21433333333333335
140,0.18166666666666667
141,0.17066666666666666
142,0.15266666666666664
143,0.16266666666666665
144,0.15533333333333332
145,0.137
146,0.129
147,0.11933333333333333
148,0.12533333333333332
149,0.14533333333333331
150,0.14100000000000001
151,0.132
152,0.132
153,0.129
154,0.12233333333333334
155,0.12366666666666666
156,0.11433333333333333
157,0.11533333333333333
158,0.119
159,0.12466666666666666
160,0.12866666666666668
161,0.14233333333333334
162,0.14033333333333334
163,0.14333333333333334
164,0.15566666666666665
165,0.156
166,0.16466666666666666
167,0.17266666666666666
168,0.18733333333333335
169,0.20333333333333334
170,0.19800000000000004
171,0.217
172,0.19633333333333333
173,0.16566666666666666
174,0.13899999999999998
175,0.13899999999999998
176,0.12266666666666666
177,0.109
178,0.10033333333333333
179,0.09133333333333334
180,0.08800000000000001
181,0.08266666666666667
182,0.08266666666666667
183,0.09133333333333334
184,0.09533333333333334
185,0.111
186,0.128
187,0.11
188,0.09800000000000002
189,0.08966666666666667
190,0.08933333333333333
191,0.08666666666666667
192,0.084
193,0.08900000000000001
194,0.09666666666666668
195,0.10833333333333334
196,0.119
197,0.134
198,0.1386666666666667
199,0.16133333333333333
200,0.16166666666666665
201,0.18200000000000002
202,0.17333333333333334
203,0.15333333333333332
204,0.135
205,0.1386666666666667
206,0.14233333333333334
207,0.13366666666666668
208,0.11533333333333333
209,0.10933333333333332
210,0.09700000000000002
211,0.08433333333333333
212,0.08900000000000001
213,0.09100000000000001
214,0.09900000000000002
215,0.11333333333333333
216,0.09866666666666668
217,0.09600000000000002
218,0.09966666666666668
219,0.09600000000000002
220,0.103
221,0.09800000000000002
222,0.10466666666666667
223,0.09733333333333334
224,0.10066666666666668
225,0.10033333333333334
226,0.09533333333333334
227,0.09766666666666668
228,0.09800000000000002
229,0.09866666666666668
230,0.11066666666666665
231,0.12
232,0.13366666666666668
233,0.14666666666666667
234,0.169
235,0.214
236,0.267
237,0.3256666666666667
238,0.3606666666666667
239,0.43
240,0.441
241,0.40066666666666667
242,0.363
243,0.3183333333333333
244,0.272
245,0.22
246,0.17899999999999996
247,0.16566666666666666
248,0.15133333333333332
249,0.151
250,0.142
251,0.127
252,0.118
253,0.10633333333333334
254,0.10233333333333333
255,0.09566666666666668
256,0.09700000000000002
257,0.09500000000000001
258,0.09100000000000001
259,0.10033333333333333
260,0.10166666666666667
261,0.09900000000000002
262,0.09966666666666668
263,0.09566666666666668
264,0.09166666666666667
265,0.09433333333333334
266,0.09466666666666668
267,0.09333333333333334
268,0.103
269,0.111
270,0.113
271,0.10433333333333333
272,0.10066666666666668
273,0.09233333333333334
274,0.10233333333333333
275,0.10133333333333333
276,0.09266666666666667
277,0.09533333333333334
278,0.09333333333333334
279,0.09900000000000002
280,0.10533333333333333
281,0.10266666666666668
282,0.10333333333333333
283,0.104
284,0.10133333333333334
285,0.09266666666666667
286,0.09666666666666668
287,0.10033333333333334
288,0.09600000000000002
289,0.09800000000000002
290,0.106
291,0.10833333333333334
292,0.11166666666666668
293,0.10933333333333334
294,0.111
295,0.12133333333333333
296,0.115
297,0.11633333333333333
298,0.10766666666666667
299,0.10100000000000002
300,0.09100000000000001
301,0.09100000000000001
302,0.09600000000000002
303,0.09800000000000002
304,0.10933333333333334
305,0.09866666666666667
306,0.10166666666666667
307,0.11399999999999999
308,0.11499999999999999
309,0.119
310,0.10966666666666668
311,0.119
312,0.11133333333333334
313,0.10833333333333334
314,0.09933333333333334
315,0.09500000000000001
316,0.09700000000000002
317,0.09300000000000001
318,0.09766666666666668
319,0.10233333333333335
320,0.10266666666666668
321,0.12
322,0.11966666666666666
323,0.11266666666666668
324,0.09866666666666668
325,0.108
326,0.11066666666666668
327,0.131
328,0.13166666666666668
329,0.108
330,0.10099999999999999
331,0.108
332,0.11366666666666665
333,0.13266666666666668
334,0.122
335,0.09433333333333334
336,0.08766666666666667
337,0.08533333333333333
338,0.083
339,0.09000000000000001
340,0.09200000000000001
341,0.08533333333333333
342,0.08700000000000001
343,0.08866666666666667
344,0.09533333333333333
345,0.09700000000000002
346,0.09266666666666667
347,0.09966666666666668
348,0.09000000000000001
349,0.08966666666666667
350,0.09400000000000001
351,0.10166666666666667
352,0.10533333333333333
353,0.10266666666666667
354,0.11166666666666668
355,0.112
356,0.10533333333333333
357,0.10966666666666668
358,0.11466666666666665
359,0.11566666666666665
360,0.11366666666666665
361,0.11366666666666668
362,0.09566666666666668
363,0.09766666666666667
364,0.105
365,0.09666666666666668
366,0.09866666666666668
367,0.08833333333333333
368,0.09233333333333334
369,0.10466666666666667
370,0.09100000000000001
371,0.09233333333333334
372,0.10266666666666667
373,0.11133333333333334
374,0.10033333333333334
375,0.09633333333333334
376,0.112
377,0.108
378,0.08766666666666667
379,0.08033333333333333
380,0.082
381,0.08833333333333333
382,0.09300000000000001
383,0.08333333333333333
384,0.08266666666666667
385,0.08466666666666667
386,0.07966666666666666
387,0.079
388,0.07566666666666666
389,0.077
390,0.079
391,0.083
392,0.09066666666666667
393,0.09666666666666668
394,0.08966666666666667
395,0.08866666666666667
396,0.09799999999999999
397,0.09200000000000001
398,0.08333333333333333
399,0.09166666666666667
400,0.09999999999999999
401,0.11066666666666668
402,0.10000000000000002
403,0.10633333333333334
404,0.105
405,0.09466666666666668
406,0.08800000000000001
407,0.09066666666666667
408,0.09133333333333334
409,0.08866666666666667
410,0.08466666666666667
411,0.08166666666666667
412,0.085
413,0.09033333333333333
414,0.09600000000000002
415,0.10633333333333334
416,0.10766666666666667
417,0.09400000000000001
418,0.08833333333333333
419,0.08433333333333333
420,0.083
421,0.08133333333333333
422,0.083
423,0.08166666666666667
424,0.08633333333333333
425,0.09166666666666667
426,0.09966666666666667
427,0.12433333333333334
428,0.14200000000000002
429,0.12833333333333333
430,0.11166666666666668
431,0.12366666666666666
432,0.15066666666666664
433,0.17866666666666667
434,0.20199999999999999
435,0.18366666666666664
436,0.16033333333333336
437,0.1416666666666667
438,0.12933333333333333
439,0.09933333333333334
440,0.09800000000000002
441,0.08900000000000001
442,0.08800000000000001
443,0.09733333333333334
444,0.10266666666666668
445,0.107
446,0.12633333333333333
447,0.122
448,0.10533333333333333
449,0.09666666666666668
450,0.09999999999999999
451,0.09433333333333334
452,0.09466666666666668
453,0.09333333333333334
454,0.09700000000000002
455,0.09900000000000002
456,0.10966666666666668
457,0.11766666666666666
458,0.12633333333333333
459,0.14
460,0.147
461,0.15466666666666665
462,0.19533333333333336
463,0.23933333333333331
464,0.299
465,0.327
466,0.30000000000000004
467,0.2893333333333334
468,0.24133333333333332
469,0.3096666666666667
470,0.30733333333333335
471,0.31266666666666665
472,0.2956666666666667
473,0.2773333333333333
474,0.26066666666666666
475,0.21899999999999997
476,0.17200000000000001
477,0.14533333333333334
478,0.12733333333333333
479,0.11333333333333333
480,0.10266666666666667
481,0.10333333333333333
482,0.104
483,0.10266666666666667
484,0.11466666666666665
485,0.10666666666666667
486,0.12933333333333333
487,0.15133333333333335
488,0.15666666666666665
489,0.1456666666666667
490,0.133
491,0.12266666666666666
492,0.10966666666666665
493,0.09900000000000002
494,0.09400000000000001
495,0.08466666666666667
496,0.08
497,0.08033333333333333
498,0.07766666666666666
499,0.078
500,0.07733333333333332
501,0.081
502,0.08366666666666667
503,0.08666666666666667
504,0.08966666666666667
505,0.09766666666666668
506,0.10266666666666667
507,0.11633333333333333
508,0.10133333333333333
509,0.09466666666666668
510,0.09066666666666667
511,0.09333333333333334
512,0.08466666666666667
513,0.08600000000000001
514,0.10666666666666667
515,0.12466666666666666
516,0.12166666666666666
517,0.13733333333333334
518,0.11966666666666666
519,0.11533333333333333
520,0.121
521,0.11666666666666665
522,0.11833333333333333
523,0.11166666666666668
524,0.11166666666666668
525,0.10966666666666668
526,0.09600000000000002
527,0.09166666666666667
528,0.09066666666666667
529,0.09000000000000001
530,0.08633333333333333
531,0.08433333333333333
532,0.08566666666666667
533,0.09400000000000001
534,0.09033333333333333
535,0.09233333333333334
536,0.09966666666666668
537,0.09233333333333334
538,0.08766666666666667
539,0.08966666666666667
540,0.09033333333333333
541,0.10133333333333334
542,0.10999999999999999
543,0.108
544,0.1366666666666667
545,0.11633333333333333
546,0.131
547,0.10633333333333334
548,0.11633333333333333
549,0.12666666666666668
550,0.11699999999999999
551,0.09499999999999999
552,0.08833333333333333
553,0.08033333333333333
554,0.08066666666666666
555,0.08233333333333333
556,0.09200000000000001
557,0.10733333333333332
558,0.10333333333333333
559,0.09366666666666668
560,0.09766666666666668
561,0.08966666666666667
562,0.10066666666666668
563,0.08233333333333333
564,0.08333333333333333
565,0.08933333333333333
566,0.09266666666666667
567,0.10166666666666668
568,0.11333333333333334
569,0.11933333333333333
570,0.11133333333333334
571,0.10666666666666667
572,0.09300000000000001
573,0.08933333333333333
574,0.08466666666666667
575,0.08533333333333333
576,0.09300000000000001
577,0.09333333333333334
578,0.09400000000000001
579,0.09733333333333334
580,0.09600000000000002
581,0.09933333333333334
582,0.09300000000000001
583,0.08433333333333333
584,0.08433333333333333
585,0.08566666666666667
586,0.08900000000000001
587,0.09733333333333334
588,0.109
589,0.119
590,0.12733333333333333
591,0.14233333333333334
592,0.1486666666666667
593,0.13266666666666668
594,0.132
595,0.11499999999999999
596,0.10233333333333333
597,0.09333333333333334
598,0.08666666666666667
599,0.07866666666666666
600,0.08133333333333333
601,0.08433333333333333
602,0.09800000000000002
603,0.09600000000000002
604,0.09800000000000002
605,0.09833333333333334
606,0.12566666666666668
607,0.131
608,0.13166666666666668
609,0.15666666666666665
610,0.18000000000000002
611,0.19533333333333336
612,0.20366666666666666
613,0.23066666666666666
614,0.22099999999999997
615,0.22066666666666665
616,0.19200000000000003
617,0.16633333333333333
618,0.16033333333333333
619,0.15533333333333335
620,0.15066666666666667
621,0.151
622,0.155
623,0.16833333333333333
624,0.19599999999999998
625,0.19899999999999998
626,0.20233333333333334
627,0.19666666666666666
628,0.16633333333333333
629,0.128
630,0.108
631,0.10033333333333334
632,0.09700000000000002
633,0.10000000000000002
634,0.10266666666666667
635,0.10133333333333333
636,0.09100000000000001
637,0.084
638,0.08266666666666667
639,0.09200000000000001
640,0.10133333333333334
641,0.103
642,0.11066666666666668
643,0.11499999999999999
644,0.11766666666666666
645,0.13233333333333333
646,0.12766666666666668
647,0.11699999999999999
648,0.10833333333333334
649,0.10866666666666668
650,0.09433333333333334
651,0.09600000000000002
652,0.08933333333333333
653,0.09133333333333334
654,0.09233333333333334
655,0.09000000000000001
656,0.08866666666666667
657,0.083
658,0.07866666666666666
659,0.081
660,0.08900000000000001
661,0.09666666666666668
662,0.10566666666666667
663,0.12966666666666668
664,0.16566666666666666
665,0.18866666666666668
666,0.2293333333333333
667,0.26566666666666666
668,0.2803333333333333
669,0.32
670,0.33699999999999997
671,0.37699999999999995
672,0.4546666666666666
673,0.5503333333333333
674,0.582
675,0.4203333333333334
676,0.2876666666666667
677,0.20400000000000004
678,0.15033333333333335
679,0.124
680,0.10166666666666667
681,0.09900000000000002
682,0.08833333333333333
683,0.08800000000000001
684,0.08866666666666667
685,0.09033333333333333
686,0.09966666666666667
687,0.10066666666666667
688,0.11133333333333334
689,0.12133333333333333
690,0.11833333333333333
691,0.11666666666666665
692,0.126
693,0.11399999999999999
694,0.122
695,0.10933333333333334
696,0.11299999999999999
697,0.11166666666666668
698,0.11266666666666668
699,0.10766666666666667
700,0.09466666666666668
701,0.09133333333333334
702,0.09366666666666668
703,0.09633333333333334
704,0.10366666666666667
705,0.103
706,0.09933333333333334
707,0.10266666666666667
708,0.09700000000000002
709,0.09900000000000002
710,0.10533333333333333
711,0.123
712,0.09333333333333334
713,0.08666666666666667
714,0.08600000000000001
715,0.078
716,0.07866666666666666
717,0.074
718,0.07566666666666666
719,0.07833333333333332
720,0.08033333333333333
721,0.07633333333333332
722,0.08700000000000001
723,0.09366666666666668
724,0.08966666666666667
725,0.08866666666666667
726,0.083
727,0.08566666666666667
728,0.08166666666666667
729,0.077
730,0.078
731,0.082
732,0.10166666666666667
733,0.11666666666666665
734,0.10333333333333333
735,0.11433333333333333
736,0.10933333333333334
737,0.08800000000000001
738,0.09100000000000001
739,0.09966666666666668
740,0.09266666666666667
741,0.08700000000000001
742,0.09566666666666668
743,0.09266666666666667
744,0.08166666666666667
745,0.08833333333333333
746,0.08466666666666667
747,0.078
748,0.07866666666666666
749,0.08333333333333333
750,0.08
751,0.07766666666666666
752,0.084
753,0.08700000000000001
754,0.07933333333333333
755,0.076
756,0.08233333333333333
757,0.08333333333333333
758,0.075
759,0.07533333333333332
760,0.083
761,0.07600000000000001
762,0.07100000000000001
763,0.07566666666666666
764,0.07733333333333332
765,0.07400000000000001
766,0.079
767,0.08233333333333333
768,0.083
769,0.07833333333333332
770,0.084
771,0.09366666666666668
772,0.09700000000000002
773,0.09233333333333334
774,0.10166666666666668
775,0.103
776,0.09300000000000001
777,0.09533333333333334
778,0.112
779,0.12866666666666668
780,0.13033333333333333
781,0.146
782,0.14033333333333334
783,0.1486666666666667
784,0.13933333333333334
785,0.122
786,0.138
787,0.12533333333333332
788,0.10933333333333332
789,0.11199999999999999
790,0.10433333333333335
791,0.11566666666666665
792,0.11199999999999999
793,0.105
794,0.11133333333333334
795,0.12533333333333332
796,0.161
797,0.21933333333333335
798,0.239
799,0.221
800,0.24233333333333332
801,0.19166666666666665
802,0.15733333333333333
803,0.125
804,0.109
805,0.10933333333333332
806,0.10066666666666668
807,0.09533333333333334
808,0.10733333333333334
809,0.10733333333333334
810,0.10066666666666668
811,0.10433333333333333
812,0.11633333333333333
813,0.11666666666666665
814,0.11066666666666665
815,0.13066666666666668
816,0.134
817,0.1426666666666667
818,0.14300000000000002
819,0.15566666666666665
820,0.14
821,0.11766666666666666
822,0.11333333333333333
823,0.10533333333333333
824,0.105
825,0.09566666666666668
826,0.11266666666666668
827,0.111
828,0.09166666666666667
829,0.10266666666666667
830,0.118
831,0.13033333333333333
832,0.131
833,0.13733333333333334
834,0.15666666666666665
835,0.13999999999999999
836,0.121
837,0.11499999999999999
838,0.10599999999999998
839,0.09133333333333334
840,0.09400000000000001
841,0.08433333333333333
842,0.08333333333333333
843,0.08966666666666667
844,0.09300000000000001
845,0.09466666666666668
846,0.08066666666666666
847,0.08766666666666667
848,0.08366666666666667
849,0.08166666666666667
850,0.08866666666666667
851,0.078
852,0.076
853,0.081
854,0.09300000000000001
855,0.09400000000000001
856,0.09566666666666668
857,0.08366666666666667
858,0.08066666666666666
859,0.08633333333333333
860,0.085
861,0.08
862,0.08266666666666667
863,0.08766666666666667
864,0.08266666666666667
865,0.07966666666666666
866,0.083
867,0.08633333333333333
868,0.085
869,0.08333333333333333
870,0.08566666666666667
871,0.08633333333333333
872,0.085
873,0.08866666666666667
874,0.08466666666666667
875,0.08700000000000001
876,0.08733333333333333
877,0.106
878,0.11733333333333333
879,0.13066666666666668
880,0.11299999999999999
881,0.09966666666666667
882,0.09066666666666667
883,0.08966666666666667
884,0.09000000000000001
885,0.09566666666666668
886,0.09500000000000001
887,0.09966666666666668
888,0.09600000000000002
889,0.08866666666666667
890,0.09000000000000001
891,0.09333333333333334
892,0.08866666666666667
893,0.08366666666666667
894,0.08833333333333333
895,0.09833333333333334
896,0.10133333333333333
897,0.104
898,0.10966666666666668
899,0.10466666666666667
900,0.111
901,0.11366666666666665
902,0.11733333333333333
903,0.11599999999999999
904,0.10666666666666667
905,0.11233333333333333
906,0.119
907,0.11633333333333333
908,0.11433333333333333
909,0.12466666666666666
910,0.118
911,0.10166666666666668
912,0.10799999999999998
913,0.11199999999999999
914,0.10533333333333333
915,0.10100000000000002
916,0.109
917,0.11566666666666665
918,0.11133333333333334
919,0.11133333333333334
920,0.12433333333333334
921,0.12566666666666668
922,0.11366666666666665
923,0.11766666666666666
924,0.13166666666666668
925,0.12933333333333333
926,0.123
927,0.14300000000000002
928,0.159
929,0.16566666666666666
930,0.17466666666666666
931,0.16833333333333333
932,0.1406666666666667
933,0.111
934,0.11966666666666666
935,0.10833333333333334
936,0.09333333333333334
937,0.09533333333333334
938,0.09666666666666666
939,0.09266666666666667
940,0.09266666666666667
941,0.09566666666666668
942,0.09200000000000001
943,0.08700000000000001
944,0.09200000000000001
945,0.09066666666666667
946,0.085
947,0.08433333333333333
948,0.08833333333333333
949,0.08233333333333333
950,0.07966666666666666
951,0.08333333333333333
952,0.08333333333333333
953,0.07733333333333332
954,0.08133333333333333
955,0.085
956,0.07966666666666666
957,0.081
958,0.08266666666666667
959,0.10333333333333333
960,0.09366666666666668
961,0.103
962,0.09200000000000001
963,0.08800000000000001
964,0.08700000000000001
965,0.08666666666666667
966,0.09466666666666668
967,0.08833333333333333
968,0.083
969,0.08866666666666667
970,0.09166666666666667
971,0.09433333333333334
972,0.09333333333333334
973,0.10933333333333334
974,0.127
975,0.12933333333333333
976,0.11066666666666668
977,0.09366666666666668
978,0.09866666666666668
979,0.09433333333333334
980,0.08366666666666667
981,0.07766666666666666
982,0.08
983,0.082
984,0.07666666666666666
985,0.076
986,0.08
987,0.07633333333333332
988,0.07100000000000001
989,0.06933333333333334
990,0.07166666666666667
991,0.07233333333333332
992,0.07200000000000001
993,0.07100000000000001
994,0.07300000000000001
995,0.07200000000000001
996,0.07033333333333334
997,0.07300000000000001
998,0.07566666666666666
999,0.07233333333333335
1000,0.07266666666666667
1001,0.07766666666666666
1002,0.07633333333333332
1003,0.07566666666666666
1004,0.07866666666666666
1005,0.081
1006,0.07566666666666666
1007,0.073
1008,0.079
1009,0.07533333333333332
1010,0.07366666666666667
1011,0.07466666666666666
1012,0.072
1013,0.07033333333333333
1014,0.072
1015,0.07233333333333333
1016,0.072
1017,0.07133333333333333
1018,0.07066666666666667
1019,0.07
1020,0.07
1021,0.07066666666666667
1022,0.07266666666666666
1023,0.08333333333333333
1024,0.08033333333333333
1025,0.07933333333333333
1026,0.08766666666666667
1027,0.083
1028,0.08166666666666667
1029,0.08866666666666667
1030,0.081
1031,0.07666666666666666
1032,0.09466666666666668
1033,0.09433333333333334
1034,0.09233333333333334
1035,0.08166666666666667
1036,0.07733333333333332
1037,0.07833333333333332
1038,0.07966666666666666
1039,0.07533333333333332
1040,0.08
1041,0.08033333333333333
1042,0.07933333333333333
1043,0.083
1044,0.08800000000000001
1045,0.08533333333333333
1046,0.08066666666666666
1047,0.081
1048,0.07533333333333332
1049,0.081
1050,0.077
1051,0.08066666666666666
1052,0.08333333333333333
1053,0.08133333333333333
1054,0.08033333333333333
1055,0.08633333333333333
1056,0.09233333333333334
1057,0.09899999999999999
1058,0.10566666666666667
1059,0.11
1060,0.106
1061,0.10766666666666667
1062,0.10433333333333333
1063,0.10666666666666667
1064,0.11166666666666668
1065,0.10766666666666667
1066,0.11866666666666666
1067,0.12133333333333333
1068,0.12566666666666668
1069,0.1406666666666667
1070,0.15233333333333332
1071,0.19499999999999998
1072,0.241
1073,0.21333333333333335
1074,0.17066666666666666
1075,0.14033333333333334
1076,0.13733333333333334
1077,0.12766666666666668
1078,0.128
1079,0.138
1080,0.13333333333333333
1081,0.11233333333333334
1082,0.10233333333333333
1083,0.10866666666666668
1084,0.112
1085,0.124
1086,0.14533333333333334
1087,0.17600000000000002
1088,0.19066666666666668
1089,0.16
1090,0.13133333333333333
1091,0.12433333333333334
1092,0.11433333333333333
1093,0.11
1094,0.109
1095,0.106
1096,0.10733333333333334
1097,0.10566666666666667
1098,0.10433333333333333
1099,0.12833333333333333
1100,0.13466666666666668
1101,0.137
1102,0.14700000000000002
1103,0.14200000000000002
1104,0.15566666666666665
1105,0.16966666666666663
1106,0.17366666666666664
1107,0.151
1108,0.14533333333333331
1109,0.156
1110,0.154
1111,0.15733333333333333
1112,0.16833333333333333
1113,0.169
1114,0.15166666666666664
1115,0.167
1116,0.15866666666666665
1117,0.14533333333333331
1118,0.159
1119,0.15866666666666665
1120,0.1416666666666667
1121,0.15133333333333332
1122,0.17800000000000002
1123,0.20333333333333334
1124,0.23199999999999998
1125,0.25733333333333336
1126,0.3166666666666667
1127,0.40166666666666667
1128,0.5496666666666666
