1,0.34800000000000003
2,0.263
3,0.20866666666666667
4,0.21366666666666667
5,0.21433333333333335
6,0.21566666666666667
7,0.24366666666666667
8,0.26199999999999996
9,0.24633333333333332
10,0.29233333333333333
11,0.2713333333333333
12,0.25233333333333335
13,0.24966666666666668
14,0.22133333333333335
15,0.17866666666666667
16,0.16066666666666665
17,0.151
18,0.14066666666666666
19,0.13166666666666668
20,0.12466666666666666
21,0.11433333333333333
22,0.11466666666666665
23,0.11066666666666668
24,0.10166666666666667
25,0.09966666666666668
26,0.09866666666666668
27,0.11366666666666665
28,0.106
29,0.10833333333333334
30,0.09800000000000002
31,0.09233333333333334
32,0.09700000000000002
33,0.108
34,0.11533333333333334
35,0.11666666666666665
36,0.11766666666666666
37,0.11566666666666665
38,0.118
39,0.11966666666666666
40,0.11733333333333333
41,0.10866666666666668
42,0.10266666666666667
43,0.09966666666666668
44,0.105
45,0.10866666666666668
46,0.11166666666666668
47,0.126
48,0.13366666666666668
49,0.13999999999999999
50,0.134
51,0.13933333333333334
52,0.14466666666666667
53,0.143
54,0.16166666666666665
55,0.17300000000000001
56,0.19166666666666665
57,0.215
58,0.25699999999999995
59,0.326
60,0.37999999999999995
61,0.4326666666666667
62,0.4176666666666667
63,0.3253333333333333
64,0.27466666666666667
65,0.2253333333333333
66,0.19733333333333336
67,0.17433333333333334
68,0.16
69,0.14966666666666667
70,0.14933333333333335
71,0.13366666666666668
72,0.12466666666666666
73,0.12333333333333334
74,0.11333333333333333
75,0.12733333333333333
76,0.12666666666666668
77,0.108
78,0.10133333333333334
79,0.10166666666666667
80,0.106
81,0.11499999999999999
82,0.126
83,0.13933333333333334
84,0.14933333333333335
85,0.17300000000000001
86,0.18100000000000002
87,0.161
88,0.15366666666666665
89,0.13866666666666666
90,0.13699999999999998
91,0.125
92,0.11333333333333333
93,0.11366666666666665
94,0.11133333333333333
95,0.11933333333333333
96,0.1366666666666667
97,0.15533333333333332
98,0.14433333333333334
99,0.17300000000000001
100,0.18666666666666668
101,0.18333333333333335
102,0.15866666666666665
103,0.134
104,0.12266666666666666
105,0.11199999999999999
106,0.11633333333333333
107,0.11366666666666665
108,0.12766666666666668
109,0.14033333333333334
110,0.166
111,0.19833333333333333
112,0.19200000000000003
113,0.164
114,0.14366666666666666
115,0.136
116,0.12233333333333334
117,0.12733333333333333
118,0.12166666666666666
119,0.13199999999999998
120,0.14066666666666666
121,0.144
122,0.16133333333333333
123,0.154
124,0.167
125,0.18566666666666665
126,0.16966666666666666
127,0.15233333333333332
128,0.15633333333333332
129,0.16266666666666665
130,0.18433333333333335
131,0.19499999999999998
132,0.22866666666666666
133,0.26266666666666666
134,0.3016666666666667
135,0.365
136,0.4066666666666667
137,0.37233333333333335
138,0.3516666666666666
139,0.29433333333333334
140,0.246
141,0.22399999999999998
142,0.19800000000000004
143,0.21
144,0.19933333333333333
145,0.17466666666666666
146,0.169
147,0.155
148,0.15833333333333333
149,0.18100000000000002
150,0.17533333333333334
151,0.16433333333333333
152,0.162
153,0.155
154,0.14666666666666667
155,0.149
156,0.13599999999999998
157,0.141
158,0.14333333333333334
159,0.15166666666666664
160,0.163
161,0.18266666666666667
162,0.18033333333333332
163,0.18266666666666667
164,0.19566666666666666
165,0.19899999999999998
166,0.20966666666666667
167,0.22366666666666665
168,0.23966666666666667
169,0.25966666666666666
170,0.25833333333333336
171,0.27466666666666667
172,0.245
173,0.20966666666666667
174,0.17633333333333334
175,0.17300000000000001
176,0.15
177,0.13133333333333333
178,0.11699999999999999
179,0.10666666666666667
180,0.09900000000000002
181,0.09366666666666668
182,0.09766666666666668
183,0.10533333333333333
184,0.109
185,0.12733333333333333
186,0.15166666666666667
187,0.125
188,0.10966666666666668
189,0.10133333333333334
190,0.09900000000000002
191,0.09600000000000002
192,0.09266666666666667
193,0.10066666666666667
194,0.11
195,0.12266666666666666
196,0.1406666666666667
197,0.16233333333333333
198,0.17233333333333334
199,0.20233333333333334
200,0.20933333333333334
201,0.23266666666666666
202,0.22399999999999998
203,0.19366666666666665
204,0.17299999999999996
205,0.17200000000000001
206,0.17133333333333334
207,0.15933333333333333
208,0.13633333333333333
209,0.128
210,0.109
211,0.09700000000000002
212,0.10033333333333334
213,0.10266666666666667
214,0.11699999999999999
215,0.13
216,0.11533333333333333
217,0.11299999999999999
218,0.12033333333333333
219,0.11466666666666665
220,0.12166666666666666
221,0.12033333333333333
222,0.126
223,0.11433333333333333
224,0.122
225,0.12
226,0.11533333333333333
227,0.11766666666666666
228,0.12133333333333333
229,0.131
230,0.14633333333333334
231,0.16033333333333333
232,0.18000000000000002
233,0.20233333333333334
234,0.2316666666666667
235,0.283
236,0.34933333333333333
237,0.43166666666666664
238,0.4856666666666667
239,0.5926666666666667
240,0.6353333333333334
241,0.6063333333333333
242,0.5216666666666666
243,0.4466666666666666
244,0.36933333333333335
245,0.27899999999999997
246,0.2363333333333333
247,0.21633333333333335
248,0.20200000000000004
249,0.19899999999999998
250,0.18366666666666667
251,0.15866666666666665
252,0.148
253,0.132
254,0.12433333333333334
255,0.11633333333333333
256,0.11599999999999999
257,0.11166666666666665
258,0.106
259,0.11366666666666665
260,0.11266666666666668
261,0.10933333333333334
262,0.10933333333333334
263,0.10433333333333333
264,0.10533333333333333
265,0.10466666666666667
266,0.10799999999999998
267,0.104
268,0.113
269,0.12533333333333332
270,0.12233333333333334
271,0.11066666666666668
272,0.10966666666666668
273,0.10300000000000002
274,0.11666666666666665
275,0.11233333333333333
276,0.10266666666666667
277,0.106
278,0.10533333333333333
279,0.10999999999999999
280,0.11933333333333333
281,0.11866666666666666
282,0.122
283,0.12366666666666666
284,0.12233333333333334
285,0.10866666666666665
286,0.11499999999999999
287,0.11833333333333333
288,0.11133333333333333
289,0.11299999999999999
290,0.128
291,0.13
292,0.13133333333333333
293,0.129
294,0.126
295,0.1396666666666667
296,0.12566666666666668
297,0.13333333333333333
298,0.12066666666666666
299,0.113
300,0.10366666666666667
301,0.10166666666666667
302,0.11033333333333334
303,0.12033333333333333
304,0.135
305,0.11733333333333333
306,0.122
307,0.14033333333333334
308,0.13533333333333333
309,0.14366666666666664
310,0.13
311,0.14100000000000001
312,0.129
313,0.12666666666666668
314,0.11966666666666666
315,0.11599999999999999
316,0.11566666666666665
317,0.11033333333333334
318,0.11166666666666668
319,0.125
320,0.12066666666666666
321,0.1386666666666667
322,0.13933333333333334
323,0.13166666666666668
324,0.11699999999999999
325,0.12766666666666668
326,0.12866666666666668
327,0.15466666666666665
328,0.15233333333333332
329,0.12266666666666666
330,0.12066666666666666
331,0.126
332,0.13066666666666668
333,0.15666666666666665
334,0.14633333333333334
335,0.11333333333333334
336,0.10466666666666667
337,0.104
338,0.10300000000000002
339,0.11266666666666665
340,0.107
341,0.09833333333333334
342,0.09899999999999999
343,0.09966666666666667
344,0.10266666666666667
345,0.10766666666666667
346,0.10733333333333334
347,0.118
348,0.11233333333333333
349,0.10966666666666668
350,0.11133333333333334
351,0.11866666666666666
352,0.13233333333333333
353,0.13233333333333333
354,0.145
355,0.14433333333333334
356,0.13366666666666668
357,0.13266666666666668
358,0.13733333333333334
359,0.14100000000000001
360,0.13533333333333333
361,0.13133333333333333
362,0.11233333333333334
363,0.11566666666666665
364,0.121
365,0.11066666666666668
366,0.11
367,0.09833333333333334
368,0.10333333333333333
369,0.11299999999999999
370,0.09866666666666668
371,0.105
372,0.11833333333333333
373,0.12933333333333333
374,0.11599999999999999
375,0.12
376,0.13933333333333334
377,0.12833333333333333
378,0.10566666666666667
379,0.09833333333333334
380,0.10033333333333334
381,0.10533333333333333
382,0.11266666666666668
383,0.09800000000000002
384,0.09366666666666668
385,0.09333333333333334
386,0.08933333333333333
387,0.09266666666666667
388,0.09333333333333334
389,0.09866666666666668
390,0.10133333333333334
391,0.10766666666666667
392,0.11133333333333334
393,0.11499999999999999
394,0.10533333333333333
395,0.105
396,0.11466666666666665
397,0.11066666666666665
398,0.10100000000000002
399,0.10633333333333334
400,0.11699999999999999
401,0.13266666666666668
402,0.12066666666666666
403,0.12633333333333333
404,0.12666666666666668
405,0.11733333333333333
406,0.104
407,0.10766666666666667
408,0.11266666666666668
409,0.10733333333333334
410,0.10066666666666667
411,0.09500000000000001
412,0.09800000000000002
413,0.10266666666666667
414,0.109
415,0.118
416,0.12666666666666668
417,0.10633333333333334
418,0.10000000000000002
419,0.09433333333333334
420,0.09400000000000001
421,0.09433333333333334
422,0.09733333333333334
423,0.09966666666666668
424,0.10366666666666667
425,0.11333333333333333
426,0.11933333333333333
427,0.14633333333333334
428,0.16466666666666666
429,0.14533333333333334
430,0.129
431,0.14933333333333335
432,0.19066666666666668
433,0.21566666666666667
434,0.24733333333333332
435,0.23066666666666666
436,0.20166666666666666
437,0.17466666666666666
438,0.15500000000000003
439,0.11966666666666666
440,0.121
441,0.111
442,0.11399999999999999
443,0.12033333333333333
444,0.12766666666666668
445,0.13433333333333333
446,0.153
447,0.14
448,0.12566666666666668
449,0.11233333333333334
450,0.11366666666666668
451,0.11
452,0.11066666666666668
453,0.11
454,0.11566666666666668
455,0.12
456,0.13366666666666668
457,0.14433333333333334
458,0.158
459,0.17466666666666666
460,0.17866666666666667
461,0.19299999999999998
462,0.236
463,0.294
464,0.36366666666666664
465,0.39566666666666667
466,0.36433333333333334
467,0.3459999999999999
468,0.288
469,0.36800000000000005
470,0.39799999999999996
471,0.40233333333333327
472,0.37166666666666665
473,0.35600000000000004
474,0.322
475,0.27066666666666667
476,0.21533333333333335
477,0.17933333333333334
478,0.155
479,0.14133333333333334
480,0.12933333333333333
481,0.12833333333333333
482,0.129
483,0.12533333333333332
484,0.14200000000000002
485,0.13333333333333333
486,0.15633333333333332
487,0.17833333333333334
488,0.18333333333333335
489,0.17600000000000002
490,0.16566666666666666
491,0.147
492,0.12966666666666668
493,0.11933333333333333
494,0.11299999999999999
495,0.10866666666666668
496,0.10266666666666668
497,0.09600000000000002
498,0.09133333333333334
499,0.08933333333333333
500,0.08866666666666667
501,0.09533333333333334
502,0.09833333333333334
503,0.09933333333333334
504,0.10133333333333333
505,0.10666666666666667
506,0.11366666666666665
507,0.136
508,0.123
509,0.10933333333333334
510,0.106
511,0.11533333333333333
512,0.10300000000000002
513,0.103
514,0.12366666666666666
515,0.14033333333333334
516,0.1466666666666667
517,0.161
518,0.14
519,0.1376666666666667
520,0.14500000000000002
521,0.13233333333333333
522,0.13
523,0.12166666666666666
524,0.124
525,0.12566666666666668
526,0.11266666666666668
527,0.111
528,0.10933333333333334
529,0.10766666666666667
530,0.10466666666666667
531,0.10133333333333333
532,0.10633333333333334
533,0.11533333333333333
534,0.11033333333333334
535,0.11366666666666665
536,0.11633333333333333
537,0.11199999999999999
538,0.10366666666666667
539,0.10233333333333333
540,0.10233333333333333
541,0.118
542,0.126
543,0.124
544,0.15033333333333332
545,0.12533333333333332
546,0.1386666666666667
547,0.11366666666666665
548,0.12266666666666666
549,0.137
550,0.12866666666666668
551,0.10566666666666667
552,0.10033333333333333
553,0.08966666666666667
554,0.09000000000000001
555,0.09200000000000001
556,0.10166666666666668
557,0.118
558,0.11133333333333333
559,0.10433333333333333
560,0.10633333333333334
561,0.10366666666666667
562,0.11866666666666666
563,0.09300000000000001
564,0.09200000000000001
565,0.104
566,0.10966666666666665
567,0.12366666666666666
568,0.145
569,0.14833333333333334
570,0.1366666666666667
571,0.124
572,0.10533333333333333
573,0.10433333333333335
574,0.10066666666666668
575,0.09900000000000002
576,0.10533333333333333
577,0.11033333333333332
578,0.11033333333333334
579,0.11499999999999999
580,0.11
581,0.12
582,0.109
583,0.10033333333333334
584,0.09966666666666668
585,0.09866666666666668
586,0.10133333333333333
587,0.11399999999999999
588,0.12666666666666668
589,0.1366666666666667
590,0.15066666666666664
591,0.17366666666666664
592,0.18200000000000002
593,0.161
594,0.163
595,0.13533333333333333
596,0.11499999999999999
597,0.10866666666666668
598,0.10000000000000002
599,0.09666666666666668
600,0.10000000000000002
601,0.103
602,0.11633333333333333
603,0.12033333333333333
604,0.126
605,0.12733333333333333
606,0.16
607,0.165
608,0.16
609,0.18933333333333335
610,0.22999999999999998
611,0.25633333333333336
612,0.2753333333333333
613,0.321
614,0.3126666666666667
615,0.31233333333333335
616,0.2653333333333333
617,0.22633333333333336
618,0.21633333333333335
619,0.20333333333333334
620,0.18800000000000003
621,0.18666666666666668
622,0.19066666666666668
623,0.209
624,0.25299999999999995
625,0.24766666666666662
626,0.2593333333333333
627,0.24333333333333332
628,0.21133333333333335
629,0.162
630,0.13133333333333333
631,0.12033333333333333
632,0.11699999999999999
633,0.11733333333333333
634,0.12033333333333333
635,0.11733333333333333
636,0.107
637,0.10133333333333333
638,0.09933333333333334
639,0.11066666666666668
640,0.11833333333333333
641,0.12
642,0.13
643,0.13066666666666668
644,0.13466666666666668
645,0.14833333333333332
646,0.1436666666666667
647,0.131
648,0.126
649,0.11866666666666666
650,0.104
651,0.10933333333333334
652,0.10200000000000002
653,0.10033333333333334
654,0.103
655,0.10266666666666667
656,0.09600000000000002
657,0.09300000000000001
658,0.09000000000000001
659,0.09166666666666667
660,0.10033333333333334
661,0.11133333333333334
662,0.12333333333333334
663,0.14633333333333334
664,0.19033333333333333
665,0.239
666,0.305
667,0.36366666666666664
668,0.4096666666666667
669,0.4703333333333333
670,0.48166666666666663
671,0.5453333333333333
672,0.6573333333333333
673,0.809
674,0.7360000000000001
675,0.5539999999999999
676,0.36866666666666664
677,0.25233333333333335
678,0.18666666666666668
679,0.15433333333333332
680,0.12366666666666666
681,0.114
682,0.102
683,0.103
684,0.10233333333333333
685,0.10099999999999999
686,0.10933333333333334
687,0.11033333333333334
688,0.12866666666666668
689,0.144
690,0.13333333333333333
691,0.12666666666666668
692,0.13533333333333333
693,0.13033333333333333
694,0.14200000000000002
695,0.129
696,0.12566666666666668
697,0.124
698,0.123
699,0.12033333333333333
700,0.109
701,0.10733333333333334
702,0.10566666666666667
703,0.10633333333333334
704,0.114
705,0.11333333333333333
706,0.10566666666666667
707,0.11033333333333332
708,0.106
709,0.11099999999999999
710,0.11499999999999999
711,0.13633333333333333
712,0.09833333333333334
713,0.08733333333333333
714,0.08666666666666667
715,0.08366666666666667
716,0.08333333333333333
717,0.08
718,0.07833333333333332
719,0.08266666666666667
720,0.08800000000000001
721,0.084
722,0.09266666666666667
723,0.09900000000000002
724,0.09166666666666667
725,0.09133333333333334
726,0.09133333333333334
727,0.09733333333333334
728,0.09033333333333333
729,0.07733333333333332
730,0.083
731,0.08733333333333333
732,0.10533333333333333
733,0.13
734,0.11599999999999999
735,0.129
736,0.12066666666666666
737,0.09366666666666668
738,0.10300000000000002
739,0.11466666666666665
740,0.10266666666666668
741,0.09566666666666668
742,0.10666666666666667
743,0.104
744,0.09566666666666668
745,0.09633333333333334
746,0.09466666666666668
747,0.08933333333333333
748,0.09266666666666667
749,0.09600000000000002
750,0.09400000000000001
751,0.08966666666666667
752,0.09500000000000001
753,0.10133333333333334
754,0.09366666666666668
755,0.08633333333333333
756,0.09633333333333334
757,0.09733333333333334
758,0.084
759,0.08666666666666667
760,0.09533333333333334
761,0.08800000000000001
762,0.07833333333333332
763,0.08366666666666667
764,0.08533333333333333
765,0.082
766,0.08566666666666667
767,0.08866666666666667
768,0.08800000000000001
769,0.08166666666666667
770,0.09066666666666667
771,0.10300000000000002
772,0.11399999999999999
773,0.106
774,0.11933333333333333
775,0.12
776,0.103
777,0.102
778,0.12
779,0.1386666666666667
780,0.14833333333333334
781,0.16933333333333334
782,0.16766666666666666
783,0.18333333333333335
784,0.16166666666666665
785,0.13733333333333334
786,0.15733333333333333
787,0.14466666666666667
788,0.12866666666666668
789,0.132
790,0.11366666666666665
791,0.131
792,0.126
793,0.11566666666666665
794,0.12266666666666666
795,0.13933333333333334
796,0.19000000000000003
797,0.263
798,0.2996666666666667
799,0.27466666666666667
800,0.2876666666666667
801,0.2273333333333333
802,0.17700000000000002
803,0.13833333333333334
804,0.11733333333333333
805,0.119
806,0.11133333333333333
807,0.10833333333333334
808,0.121
809,0.12233333333333334
810,0.11333333333333333
811,0.11833333333333333
812,0.13066666666666668
813,0.13233333333333333
814,0.13266666666666668
815,0.153
816,0.16233333333333333
817,0.17566666666666667
818,0.17566666666666667
819,0.19100000000000003
820,0.17666666666666667
821,0.146
822,0.14300000000000002
823,0.134
824,0.129
825,0.11666666666666665
826,0.135
827,0.136
828,0.11733333333333333
829,0.12633333333333333
830,0.1406666666666667
831,0.152
832,0.161
833,0.17233333333333334
834,0.20000000000000004
835,0.17500000000000002
836,0.15333333333333335
837,0.14266666666666666
838,0.128
839,0.11133333333333333
840,0.11433333333333333
841,0.10033333333333333
842,0.09766666666666668
843,0.10466666666666667
844,0.104
845,0.103
846,0.08833333333333333
847,0.09833333333333334
848,0.09266666666666667
849,0.09300000000000001
850,0.09666666666666668
851,0.08600000000000001
852,0.08733333333333333
853,0.09333333333333334
854,0.10433333333333333
855,0.10666666666666667
856,0.10266666666666667
857,0.09133333333333334
858,0.09266666666666667
859,0.09566666666666668
860,0.09166666666666667
861,0.08566666666666667
862,0.09000000000000001
863,0.09400000000000001
864,0.08933333333333333
865,0.08633333333333333
866,0.08933333333333333
867,0.09300000000000001
868,0.09333333333333334
869,0.09000000000000001
870,0.09366666666666668
871,0.09600000000000002
872,0.09400000000000001
873,0.10166666666666667
874,0.10133333333333333
875,0.09866666666666667
876,0.09766666666666668
877,0.126
878,0.14600000000000002
879,0.159
880,0.134
881,0.11766666666666666
882,0.10466666666666667
883,0.09966666666666668
884,0.09800000000000002
885,0.10100000000000002
886,0.09966666666666668
887,0.10533333333333333
888,0.10266666666666667
889,0.09833333333333334
890,0.09766666666666668
891,0.09933333333333334
892,0.09700000000000002
893,0.09233333333333334
894,0.09633333333333334
895,0.10566666666666667
896,0.11166666666666665
897,0.11199999999999999
898,0.121
899,0.11533333333333333
900,0.12266666666666666
901,0.12466666666666666
902,0.132
903,0.129
904,0.11733333333333333
905,0.12833333333333333
906,0.13466666666666668
907,0.13033333333333333
908,0.12933333333333333
909,0.1386666666666667
910,0.13133333333333333
911,0.11699999999999999
912,0.12333333333333334
913,0.12733333333333333
914,0.11833333333333333
915,0.11366666666666665
916,0.12133333333333333
917,0.12766666666666668
918,0.12333333333333334
919,0.12466666666666666
920,0.135
921,0.13533333333333333
922,0.12533333333333332
923,0.12833333333333333
924,0.1446666666666667
925,0.14433333333333334
926,0.134
927,0.15533333333333332
928,0.17400000000000002
929,0.18066666666666667
930,0.19833333333333333
931,0.18666666666666668
932,0.15266666666666664
933,0.12
934,0.133
935,0.11733333333333333
936,0.10433333333333333
937,0.10733333333333334
938,0.10466666666666667
939,0.09766666666666668
940,0.09966666666666667
941,0.10099999999999999
942,0.09600000000000002
943,0.09233333333333334
944,0.09566666666666668
945,0.09833333333333334
946,0.09266666666666667
947,0.08900000000000001
948,0.09033333333333333
949,0.08800000000000001
950,0.085
951,0.08866666666666667
952,0.09000000000000001
953,0.08233333333333333
954,0.08600000000000001
955,0.09100000000000001
956,0.08633333333333333
957,0.09400000000000001
958,0.09433333333333334
959,0.11333333333333334
960,0.10366666666666667
961,0.11333333333333333
962,0.10000000000000002
963,0.102
964,0.09766666666666668
965,0.09800000000000002
966,0.10666666666666667
967,0.09733333333333334
968,0.08966666666666667
969,0.10266666666666667
970,0.11033333333333334
971,0.10966666666666665
972,0.102
973,0.12466666666666666
974,0.14966666666666667
975,0.157
976,0.13
977,0.104
978,0.10833333333333332
979,0.108
980,0.09033333333333333
981,0.08433333333333333
982,0.09033333333333333
983,0.08833333333333333
984,0.08066666666666666
985,0.081
986,0.08633333333333333
987,0.082
988,0.07533333333333332
989,0.07766666666666666
990,0.078
991,0.077
992,0.076
993,0.076
994,0.07833333333333332
995,0.077
996,0.076
997,0.07833333333333332
998,0.08133333333333333
999,0.07833333333333332
1000,0.08266666666666667
1001,0.09033333333333333
1002,0.08566666666666667
1003,0.08066666666666666
1004,0.08533333333333333
1005,0.08666666666666667
1006,0.077
1007,0.079
1008,0.08366666666666667
1009,0.08
1010,0.079
1011,0.08133333333333333
1012,0.08
1013,0.079
1014,0.07833333333333332
1015,0.08033333333333333
1016,0.08133333333333333
1017,0.07966666666666666
1018,0.084
1019,0.083
1020,0.078
1021,0.077
1022,0.08366666666666667
1023,0.09466666666666666
1024,0.09066666666666667
1025,0.08966666666666667
1026,0.09733333333333334
1027,0.09466666666666668
1028,0.09466666666666668
1029,0.09466666666666668
1030,0.08766666666666667
1031,0.083
1032,0.10000000000000002
1033,0.10066666666666668
1034,0.09666666666666668
1035,0.08533333333333333
1036,0.082
1037,0.08666666666666667
1038,0.08966666666666667
1039,0.08133333333333333
1040,0.08566666666666667
1041,0.08566666666666667
1042,0.08533333333333333
1043,0.09200000000000001
1044,0.09766666666666668
1045,0.09933333333333334
1046,0.08833333333333333
1047,0.08766666666666667
1048,0.08433333333333333
1049,0.08533333333333333
1050,0.08233333333333333
1051,0.08600000000000001
1052,0.08866666666666667
1053,0.08766666666666667
1054,0.08566666666666667
1055,0.08766666666666667
1056,0.09600000000000002
1057,0.104
1058,0.11599999999999999
1059,0.122
1060,0.12033333333333333
1061,0.123
1062,0.12133333333333333
1063,0.119
1064,0.121
1065,0.11833333333333333
1066,0.12933333333333333
1067,0.131
1068,0.1366666666666667
1069,0.15266666666666664
1070,0.17
1071,0.21633333333333335
1072,0.276
1073,0.24633333333333332
1074,0.19166666666666665
1075,0.15866666666666665
1076,0.153
1077,0.137
1078,0.1406666666666667
1079,0.15233333333333332
1080,0.14900000000000002
1081,0.127
1082,0.11233333333333333
1083,0.12
1084,0.12266666666666666
1085,0.14
1086,0.169
1087,0.20733333333333334
1088,0.217
1089,0.18000000000000002
1090,0.14600000000000002
1091,0.13533333333333333
1092,0.12566666666666668
1093,0.122
1094,0.122
1095,0.122
1096,0.12233333333333334
1097,0.12066666666666666
1098,0.12
1099,0.148
1100,0.147
1101,0.14533333333333334
1102,0.156
1103,0.15433333333333332
1104,0.17233333333333334
1105,0.19099999999999998
1106,0.19866666666666669
1107,0.171
1108,0.15733333333333333
1109,0.17333333333333334
1110,0.17266666666666666
1111,0.17766666666666664
1112,0.18866666666666668
1113,0.18800000000000003
1114,0.1743333333333333
1115,0.19633333333333333
1116,0.18433333333333332
1117,0.162
1118,0.17600000000000002
1119,0.17666666666666667
1120,0.159
1121,0.17133333333333334
1122,0.20233333333333334
1123,0.24166666666666667
1124,0.2876666666666667
1125,0.3376666666666666
1126,0.4323333333333334
1127,0.5676666666666667
1128,0.7273333333333333
